0  0.012  931.527
1  0.014  502.087
2  0.016  372.457
3  0.018  304.003
4  0.02  287.357
5  0.022  240.963
6  0.024  261.117
7  0.026  254.61
8  0.028  191.83
9  0.03  200.363
10  0.032  193.357
11  0.034  166.463
12  0.036  182.98
13  0.038  209.183
14  0.04  190.83
15  0.042  189.23
16  0.044  177.993
17  0.046  199.373
18  0.048  191.857
19  0.05  200.33
20  0.052  201.703
21  0.054  201.587
22  0.056  189.983
23  0.058  219.84
24  0.06  222.903
25  0.062  214.063
26  0.064  222.75
27  0.066  227.067
28  0.068  235.823
29  0.07  235.87
30  0.072  251.573
31  0.074  246.07
32  0.076  255.993
33  0.078  253.37
34  0.08  255.183
35  0.082  269.48
36  0.084  271.133
37  0.086  280.683
38  0.088  279.673
39  0.09  291.75
40  0.092  286.25
41  0.094  298.313
42  0.096  309.327
43  0.098  326.777
44  0.1  316.32
45  0.102  322.613
46  0.104  335.837
47  0.106  341.667
48  0.108  343.02
49  0.11  355.387
50  0.112  362.687
51  0.114  364.337
52  0.116  367.553
53  0.118  374.797
54  0.12  389.897
55  0.122  398.04
56  0.124  401.923
57  0.126  407.533
58  0.128  428.66
59  0.13  433.07
60  0.132  428.363
61  0.134  437.97
62  0.136  446.54
63  0.138  457.68
64  0.14  462.953
65  0.142  481.463
66  0.144  491.72
67  0.146  485.523
68  0.148  505.907
69  0.15  513.37
70  0.152  524.66
71  0.154  533.423
72  0.156  548.14
73  0.158  550.49
74  0.16  565.013
75  0.162  578.227
76  0.164  578.203
77  0.166  607.727
78  0.168  606.177
79  0.17  623.17
80  0.172  644.343
81  0.174  655.753
82  0.176  664.89
83  0.178  682.873
84  0.18  697.807
85  0.182  714.093
86  0.184  726.643
87  0.186  739.507
88  0.188  754.733
89  0.19  768.64
90  0.192  794.46
91  0.194  885.9
92  0.196  888.477
93  0.198  848.787
94  0.2  869.747
95  0.202  927.043
96  0.204  946.603
97  0.206  1055.69
98  0.208  1046.04
99  0.21  1075.22
100  0.212  1318.52
101  0.214  1456.85
102  0.216  1533.42
103  0.218  1308.85
104  0.22  1809.9
105  0.222  1959.39
106  0.224  2113.57
107  0.226  2273.15
108  0.228  2837.52
109  0.23  3786.64
110  0.232  4376.75
111  0.234  4786.97
112  0.236  5797.05
113  0.238  6879.76
114  0.24  8181.88
115  0.242  9531.18
116  0.244  10202.1
