48000   59
48001   55
48002   51
48003   45
48004   53
48005   50
48006   59
48007   55
48008   51
48009   45
48010   53
48011   50
48012   59
48013   55
48014   51
48015   45
48016   53
48017   50
48018   59
48019   55
48020   51
48021   45
48022   53
48023   50
48024   59
48025   55
48026   51
48027   45
48028   53
48029   50
48030   59
48031   55
48032   51
48033   45
48034   53
48035   50
48036   59
48037   55
48038   51
48039   45
48040   53
48041   50
48042   59
48043   55
48044   51
48045   45
48046   53
48047   50
48048   59
48049   55
