0.0002  0.284908  0.308167
0.0004  0.2306  0.243851
0.0006  0.199852  0.193265
0.0008  0.196086  0.287924
0.001  0.189433  0.203532
0.0012  0.194715  0.252134
0.0014  0.184746  0.20265
0.0016  0.177115  0.217559
0.0018  0.173753  0.208326
0.002  0.124364  0.157261
0.0022  0.195955  0.22362
0.0024  0.167848  0.219719
0.0026  0.123077  0.194726
0.0028  0.116059  0.182171
0.003  0.114589  0.169567
0.0032  0.114164  0.1577
0.0034  0.111815  0.130153
0.0036  0.0735733  0.114108
0.0038  0.0749025  0.120183
0.004  0.0894384  0.136907
0.0042  0.0761594  0.107013
0.0044  0.0647106  0.103488
0.0046  0.0608528  0.0943595
0.0048  0.0514533  0.0997592
0.005  0.0498541  0.0821528
0.0052  0.0396334  0.0799012
0.0054  0.0345743  0.0692352
0.0056  0.0329663  0.0697582
0.0058  0.0281806  0.059922
0.006  0.0356108  0.0685996
0.0062  0.0246776  0.0563461
0.0064  0.0323986  0.0627096
0.0066  0.0202344  0.057335
0.0068  0.0200134  0.0452659
0.007  0.0210507  0.0596307
0.0072  0.019234  0.0440351
0.0074  0.0155876  0.0391795
0.0076  0.0097659  0.0274609
0.0078  0.00939207  0.0299353
0.008  0.0134732  0.0459719
0.0082  0.0101504  0.0287927
0.0084  0.0101893  0.0341251
0.0086  0.0114769  0.0325205
0.0088  0.00758412  0.0236614
0.009  0.0069526  0.0197218
0.0092  0.00436982  0.0113898
0.0094  0.00407764  0.0118642
0.0096  0.00798234  0.0294117
0.0098  0.00247525  1.73472e-18
0.01  0.004105  0.0162158
0.0102  0.00247525  1.73472e-18
0.0104  0.00399657  0.015137
0.0106  0.00415633  0.0112543
0.0108  0.00370955  0.00724247
0.011  0.00346634  0.00588258
0.0112  0.0041044  0.00964859
0.0114  0.00400054  0.0120824
0.0116  0.00423899  0.0113101
0.0118  0.00445168  0.00908326
0.012  0.00247525  1.73472e-18
