0.0002   0.00444444  0.08
0.0004   0.0116667  0.21
0.0006   0.0144444  0.26
0.0008   0.0161111  0.29
0.001   0.0144444  0.26
0.0012   0.0144444  0.26
0.0014   0.0127778  0.23
0.0016   0.0205556  0.37
0.0018   0.0266667  0.48
0.002   0.0222222  0.4
0.0022   0.0411111  0.74
0.0024   0.0327778  0.59
0.0026   0.0394444  0.71
0.0028   0.0822222  1.48
0.003   0.055  0.99
0.0032   0.0783333  1.41
0.0034   0.143333  2.58
0.0036   0.0961111  1.73
0.0038   0.128333  2.31
0.004   0.103333  1.86
0.0042   0.132778  2.39
0.0044   0.115556  2.08
0.0046   0.129444  2.33
0.0048   0.147222  2.65
0.005   0.146111  2.63
0.0052   0.205  3.69
0.0054   0.182222  3.28
0.0056   0.266667  4.8
0.0058   0.212778  3.83
0.006   0.221111  3.98
0.0062   0.197222  3.55
0.0064   0.260556  4.69
0.0066   0.218889  3.94
0.0068   0.244444  4.4
0.007   0.222778  4.01
0.0072   0.306667  5.52
0.0074   0.27  4.86
0.0076   0.236667  4.26
0.0078   0.323889  5.83
0.008   0.199444  3.59
0.0082   0.334444  6.02
0.0084   0.357222  6.43
0.0086   0.365  6.57
0.0088   0.395  7.11
0.009   0.351667  6.33
0.0092   0.295556  5.32
0.0094   0.377778  6.8
0.0096   0.349444  6.29
0.0098   0.301111  5.42
0.01   0.321111  5.78
0.0102   0.430556  7.75
0.0104   0.255  4.59
0.0106   0.322222  5.8
0.0108   0.387222  6.97
0.011   0.342778  6.17
0.0112   0.337778  6.08
0.0114   0.451667  8.13
0.0116   0.364444  6.56
0.0118   0.397222  7.15
0.012   0.423333  7.62
0.0122   0.363889  6.55
