0.231243  0.169252  0.220139  0.234552  0.232957  0.202199  0.175037  0.134155  0.11675  0.0893405  0.0826936  0.0751155  0.0645261  0.0703607  0.0688153  0.0678743  0.0732334  0.0841894  0.0937189  0.100277  0.112372  0.142555  0.152778  0.175582  0.198137  0.250847  0.268331  0.378445  0.394632  0.469996  0.590314  0.558308  0.681349  0.787908  0.827482  0.898943  0.958636  1.03391  1.08025  1.24657  1.38404  1.52225  1.65243  1.90221  2.13791  2.30719  2.55381  2.7126  2.91514  2.98053  3.0049  
0.268371  0.167786  0.199495  0.239069  0.229628  0.202892  0.167112  0.140039  0.119306  0.0857446  0.0764627  0.070638  0.0606925  0.0675177  0.0667945  0.0711333  0.0649619  0.0844271  0.0886669  0.101852  0.112293  0.115433  0.161406  0.197662  0.206498  0.247261  0.267855  0.334869  0.398059  0.425231  0.456722  0.641805  0.687491  0.780349  0.878537  0.870305  0.916051  1.05708  1.17279  1.16062  1.35747  1.49103  1.66847  1.88704  2.0597  2.2994  2.5207  2.71912  2.84084  2.96397  2.98881  
0.25052  0.154353  0.181703  0.203794  0.218375  0.19895  0.163011  0.127924  0.110826  0.0795138  0.0692809  0.0680922  0.0592957  0.056849  0.0681417  0.0654374  0.0797218  0.082753  0.090024  0.106141  0.122664  0.128489  0.145596  0.171263  0.202278  0.24311  0.257524  0.330421  0.396979  0.472304  0.504726  0.583885  0.771801  0.791702  0.875684  0.983847  0.979092  1.09509  1.12191  1.22303  1.30578  1.46298  1.62303  1.84001  2.04487  2.24095  2.47146  2.61561  2.77361  2.89276  2.90824  
0.250015  0.132114  0.188331  0.196988  0.192808  0.193333  0.151401  0.110004  0.0985233  0.0799595  0.0658733  0.0696375  0.0642388  0.059692  0.0672502  0.0631491  0.0694691  0.0810393  0.0815445  0.0973643  0.104298  0.120544  0.144626  0.156949  0.195453  0.224309  0.270599  0.333096  0.364359  0.418535  0.532196  0.579447  0.671929  0.736912  0.856219  0.956229  0.905679  1.06619  1.17222  1.29673  1.38119  1.43612  1.60823  1.79594  1.97744  2.2012  2.3312  2.52883  2.67868  2.77532  2.7644  
0.247915  0.142971  0.161961  0.201466  0.207885  0.155998  0.126072  0.0896872  0.0960468  0.0757198  0.0636345  0.0579981  0.0654473  0.0570867  0.0599892  0.062317  0.0716683  0.0754424  0.0923519  0.0956109  0.104724  0.120396  0.136919  0.164289  0.179782  0.227835  0.237989  0.333809  0.343943  0.408708  0.468094  0.567263  0.670859  0.737605  0.758824  0.839726  0.93723  1.0575  1.11842  1.10988  1.26183  1.3646  1.54847  1.70758  1.88468  2.05784  2.24066  2.40963  2.54402  2.60084  2.63314  
0.247093  0.127637  0.154244  0.168895  0.168459  0.16939  0.124645  0.088657  0.0779585  0.0628421  0.0684785  0.0602863  0.0545211  0.056314  0.0580674  0.0663389  0.0637237  0.0836941  0.0849918  0.0942142  0.0992365  0.125121  0.135472  0.166151  0.182615  0.208767  0.282685  0.330471  0.358911  0.425449  0.541993  0.564766  0.639824  0.73715  0.852544  0.861192  0.826045  0.928621  1.06765  1.1466  1.16812  1.40336  1.48134  1.57751  1.77066  1.98866  2.12676  2.2717  2.35547  2.42592  2.46545  
0.235404  0.125854  0.15047  0.151163  0.154938  0.152689  0.114175  0.0908264  0.0703111  0.0593453  0.0487657  0.0456453  0.0523913  0.0580575  0.0587014  0.0673394  0.0674285  0.0723419  0.0857743  0.0890928  0.10523  0.120822  0.142426  0.165735  0.190292  0.224656  0.256137  0.301605  0.33373  0.437901  0.435028  0.529798  0.606252  0.720151  0.780032  0.797625  0.821657  0.937408  0.991653  1.06125  1.17012  1.28698  1.39802  1.56725  1.68368  1.85121  2.00185  2.12025  2.19008  2.27382  2.21801  
0.252868  0.10624  0.146201  0.151738  0.142426  0.146607  0.0974633  0.0926887  0.0637732  0.0641298  0.0546498  0.0525498  0.0507172  0.0524507  0.0510342  0.0611085  0.0684389  0.0680724  0.0840111  0.0936099  0.099187  0.116968  0.144031  0.158969  0.177612  0.223259  0.242358  0.293135  0.376276  0.352928  0.441467  0.52861  0.549808  0.652533  0.812118  0.809176  0.948344  0.922292  0.900736  1.02492  1.17454  1.24997  1.35987  1.47211  1.65937  1.7675  1.84392  1.93595  2.06253  2.06978  2.054  
0.248509  0.109341  0.124873  0.142208  0.12623  0.0979091  0.0918269  0.0798109  0.0572353  0.0503606  0.05253  0.0525894  0.0566905  0.0515889  0.0552838  0.0588896  0.0579981  0.0669728  0.0761358  0.100019  0.0988304  0.109885  0.151035  0.156532  0.185656  0.200208  0.247905  0.30319  0.368797  0.421665  0.443468  0.511552  0.566242  0.662637  0.789522  0.762558  0.758655  0.829205  0.960529  0.979796  1.04674  1.14769  1.25634  1.3907  1.52926  1.66025  1.72801  1.83048  1.91005  1.89683  1.90639  
0.247677  0.0886371  0.117305  0.122882  0.123338  0.118167  0.0932335  0.0939963  0.0477058  0.0499049  0.047577  0.0489143  0.0464774  0.0554819  0.0581566  0.0578396  0.0613859  0.0687064  0.0759773  0.0779684  0.0966015  0.114462  0.125507  0.159118  0.169608  0.202882  0.224893  0.303091  0.303041  0.383953  0.438515  0.48534  0.527837  0.56861  0.6887  0.740191  0.696297  0.876665  0.959518  0.994724  1.03476  1.08648  1.15165  1.27883  1.43177  1.52821  1.58716  1.71688  1.74047  1.7653  1.75219  
0.2453  0.0864182  0.107795  0.107647  0.100415  0.100534  0.0731046  0.0542437  0.0532531  0.0478346  0.0416136  0.0454274  0.0445161  0.0543329  0.0483398  0.0504794  0.0603061  0.0666757  0.0690729  0.0832186  0.0941548  0.105566  0.124526  0.141515  0.181406  0.198177  0.211352  0.28743  0.315454  0.382873  0.432789  0.504568  0.567877  0.613454  0.599407  0.700587  0.779993  0.857002  0.891316  0.933366  1.02466  1.04269  1.15475  1.26866  1.34722  1.40597  1.4813  1.57311  1.63083  1.63627  1.58428  
0.247885  0.0759377  0.0992563  0.101089  0.100336  0.0928075  0.0559178  0.0558386  0.0416136  0.0495483  0.0375621  0.041257  0.0423863  0.039682  0.0428717  0.046319  0.0518564  0.0596623  0.0730848  0.0836346  0.0837436  0.106339  0.121753  0.134115  0.175542  0.178692  0.218217  0.296295  0.304696  0.329708  0.411739  0.475534  0.489758  0.552007  0.634395  0.676931  0.768343  0.727531  0.83185  0.846174  0.903114  1.03149  1.04849  1.1728  1.25547  1.28739  1.39675  1.46325  1.48627  1.52776  1.48865  
0.250966  0.0566905  0.0736891  0.0607816  0.0712225  0.0450114  0.0681517  0.0532729  0.0418811  0.0350658  0.0342733  0.0386617  0.0405735  0.0407914  0.043892  0.062218  0.0500238  0.062852  0.0671016  0.0753236  0.094759  0.102396  0.124427  0.132441  0.157097  0.171064  0.23265  0.243358  0.301427  0.362824  0.41382  0.45804  0.494573  0.611493  0.623915  0.687877  0.649422  0.722806  0.817853  0.814188  0.918963  0.969513  1.04523  1.08861  1.15178  1.26241  1.29411  1.37237  1.3516  1.37168  1.32655  
0.245854  0.0484983  0.0635157  0.0432976  0.0779387  0.0355017  0.0263189  0.023357  0.027884  0.0365517  0.0293501  0.0346993  0.0415146  0.041366  0.0433175  0.0468142  0.0492313  0.0601675  0.0664181  0.0726589  0.0898259  0.0921736  0.0991672  0.120475  0.139336  0.176523  0.202486  0.248697  0.28315  0.298812  0.400902  0.425509  0.472185  0.485657  0.603092  0.641438  0.691612  0.679705  0.78033  0.794743  0.814446  0.852078  0.960182  1.04637  1.08653  1.12134  1.16397  1.24817  1.26173  1.22213  1.21519  
0.257751  0.0414849  0.0313511  0.0222376  0.0217621  0.054422  0.0285279  0.0395928  0.0305388  0.0313808  0.0292906  0.0287953  0.0339662  0.0375819  0.042624  0.0444467  0.0487063  0.067379  0.0640407  0.0686569  0.0783251  0.100197  0.0980676  0.124219  0.150609  0.199762  0.180584  0.24838  0.26742  0.282546  0.386836  0.382041  0.475583  0.527847  0.552958  0.590234  0.594227  0.615396  0.68759  0.782093  0.699487  0.834753  0.890632  0.896843  1.01685  1.0623  1.134  1.13231  1.14571  1.14509  1.08898  
0.236989  0.0195927  0.015561  0.0301723  0.027042  0.013877  0.0223268  0.0178295  0.0282406  0.0278642  0.0285576  0.0330054  0.030618  0.028409  0.0372946  0.0423269  0.0494096  0.0543428  0.0653483  0.0630996  0.0746896  0.0808214  0.106775  0.121297  0.139801  0.166825  0.182754  0.22104  0.243982  0.284488  0.328727  0.42852  0.440675  0.449431  0.470967  0.564756  0.562518  0.58758  0.63068  0.666431  0.764123  0.769037  0.865362  0.882242  0.950306  0.96458  1.00978  1.06852  1.0419  1.05814  0.998647  
0.247925  0.0149964  0.0125397  0.0142831  0.0115392  0.0118661  0.0132232  0.0182752  0.0189785  0.0170667  0.023139  0.0252391  0.0314204  0.0415641  0.0300336  0.0421882  0.0479435  0.0496176  0.0587113  0.0568787  0.0800784  0.0823865  0.096968  0.107003  0.129291  0.175849  0.177692  0.199039  0.227162  0.279653  0.306647  0.343359  0.4043  0.434236  0.49172  0.490898  0.570254  0.569709  0.637535  0.688809  0.664965  0.722083  0.76658  0.824986  0.867948  0.923579  0.938121  0.976329  0.967007  0.969315  0.929721  
0.243705  0.0196125  0.00913204  0.0105981  0.0128468  0.0141147  0.0140949  0.0147091  0.0143624  0.020613  0.0230895  0.0217027  0.0243575  0.0263189  0.0346498  0.038414  0.0377404  0.0485379  0.0492511  0.0589986  0.0692413  0.0790185  0.0959774  0.0978398  0.121069  0.149034  0.169836  0.201832  0.236295  0.255978  0.285874  0.300476  0.344329  0.436048  0.448243  0.466678  0.511145  0.525222  0.570551  0.648571  0.658051  0.72553  0.722211  0.755069  0.800141  0.884263  0.871078  0.88667  0.917636  0.876833  0.823916  
0.236582  0.0133024  0.00858721  0.00948866  0.00949856  0.0114203  0.0105882  0.0146596  0.0157096  0.016195  0.01672  0.0173044  0.0224753  0.0240999  0.0312817  0.0335601  0.044001  0.0412867  0.0457642  0.0581268  0.0635553  0.0695583  0.0845361  0.0919457  0.122109  0.133462  0.152709  0.198484  0.198425  0.250867  0.260159  0.325924  0.333264  0.345231  0.418337  0.47169  0.482071  0.546539  0.54645  0.573008  0.616574  0.629957  0.697367  0.715584  0.78234  0.785352  0.821528  0.828086  0.815941  0.795525  0.745213  
0.260525  0.00840891  0.00781455  0.00954809  0.00847825  0.00954809  0.0106278  0.0128369  0.0140652  0.011876  0.0144119  0.0196125  0.0212074  0.0231589  0.0290529  0.0267943  0.0366408  0.0403556  0.0405438  0.0500436  0.0558088  0.0686073  0.0765717  0.0840606  0.101148  0.100693  0.148231  0.153977  0.182902  0.227964  0.251481  0.281952  0.294701  0.320932  0.373007  0.405191  0.430184  0.48226  0.504835  0.515088  0.5728  0.602557  0.648462  0.650146  0.713256  0.746887  0.741478  0.752543  0.733157  0.71283  0.681062  
0.255641  0.010291  0.00645744  0.00688339  0.00776502  0.00815135  0.00877543  0.0114599  0.0115689  0.0129656  0.0133619  0.0148775  0.0167794  0.021772  0.0233372  0.0227824  0.0302614  0.0434363  0.0359474  0.0409499  0.0486766  0.0616038  0.064219  0.0733126  0.0947293  0.105348  0.115799  0.132104  0.165983  0.187627  0.233115  0.249302  0.259029  0.308688  0.310273  0.387519  0.383547  0.440595  0.474592  0.464033  0.507015  0.547094  0.569184  0.622845  0.626936  0.660032  0.662746  0.702003  0.691711  0.632374  0.620032  
0.240515  0.00717066  0.00612063  0.00687349  0.00758671  0.00791361  0.00888439  0.00932025  0.0110736  0.0105585  0.0114401  0.0183842  0.0155115  0.0201474  0.0182257  0.0215046  0.0241098  0.0326587  0.0385428  0.0413264  0.0469331  0.051262  0.0607024  0.0713909  0.0879239  0.108211  0.111589  0.128518  0.140841  0.168865  0.191114  0.21371  0.243081  0.259703  0.299792  0.34844  0.366578  0.385162  0.383012  0.431274  0.478812  0.49275  0.550571  0.551056  0.582141  0.602092  0.586946  0.616911  0.604707  0.586163  0.537981  
0.237068  0.00582346  0.00554609  0.00666546  0.00727963  0.00770559  0.00735888  0.00826032  0.00926082  0.0102415  0.0113213  0.0114698  0.0128666  0.0174828  0.0148973  0.0184535  0.023882  0.0241495  0.0266854  0.0362248  0.042  0.045051  0.0513215  0.0619802  0.0817426  0.0772255  0.096552  0.0986818  0.128726  0.140198  0.171035  0.197365  0.195611  0.216523  0.243328  0.273571  0.299188  0.354176  0.394206  0.404993  0.427361  0.478446  0.478575  0.503954  0.52966  0.532443  0.574157  0.534632  0.54336  0.511621  0.455424  
0.240733  0.00568477  0.0057244  0.00678433  0.00651687  0.00730935  0.00758671  0.00844853  0.0087259  0.00971649  0.0118066  0.0106576  0.0110637  0.0125793  0.0142435  0.0164624  0.0184535  0.0205437  0.0268835  0.032728  0.031569  0.0420198  0.0527479  0.0531838  0.0589193  0.0664577  0.0837733  0.101951  0.104487  0.131272  0.140059  0.176503  0.190094  0.200743  0.217048  0.239911  0.266518  0.312462  0.316058  0.344973  0.385003  0.429035  0.409421  0.495732  0.521557  0.487024  0.502101  0.478258  0.459753  0.467698  0.420744  
0.250332  0.00511023  0.00509042  0.00526872  0.00601167  0.00745794  0.00701217  0.007557  0.00869618  0.0149964  0.00816126  0.0105288  0.0100335  0.011668  0.0109646  0.0144119  0.0161554  0.0165516  0.0205041  0.0240603  0.0287062  0.0320841  0.0317473  0.043783  0.0580575  0.0500535  0.06833  0.0869036  0.0951453  0.109321  0.112411  0.133214  0.164745  0.169747  0.180554  0.210292  0.236216  0.270669  0.27575  0.310154  0.332056  0.366796  0.413829  0.393958  0.447123  0.41693  0.46428  0.446083  0.401358  0.398842  0.360367  
0.24423  0.00499136  0.00477343  0.00518948  0.00530835  0.00608101  0.00611073  0.00649706  0.00713104  0.00695273  0.00818107  0.00881505  0.00884477  0.0108557  0.00977593  0.0124208  0.0149072  0.0135897  0.0185724  0.0210291  0.0283199  0.0273491  0.036522  0.0326983  0.0404645  0.0438821  0.0559574  0.0587806  0.0752938  0.0865272  0.0909749  0.117394  0.12201  0.139593  0.166032  0.15784  0.180584  0.209173  0.24103  0.263319  0.270698  0.313918  0.346974  0.34851  0.38107  0.372254  0.392383  0.383824  0.426479  0.34744  0.306271  
0.257325  0.00505079  0.0050706  0.00517957  0.00550647  0.00509042  0.00636828  0.00719048  0.00643762  0.00680414  0.00678433  0.00915185  0.00682396  0.00861693  0.00884477  0.0150063  0.0113807  0.0124604  0.0205932  0.023882  0.0184436  0.0247735  0.026091  0.0337879  0.0324209  0.0425052  0.0506776  0.0538772  0.0580278  0.0748382  0.0765717  0.0828521  0.0987313  0.103248  0.133263  0.147072  0.160059  0.181862  0.178167  0.210124  0.226617  0.260862  0.277118  0.272561  0.317752  0.3274  0.344617  0.323755  0.320743  0.297236  0.263626  
0.246102  0.00457531  0.00445644  0.00423851  0.00521919  0.00554609  0.00448615  0.00478333  0.00540741  0.00484277  0.00620979  0.00567487  0.00748765  0.00536778  0.0073985  0.00837919  0.00935988  0.0115689  0.0193154  0.0150063  0.0161058  0.0179582  0.0219999  0.023674  0.0260712  0.0319454  0.0353432  0.0373739  0.0420198  0.0465171  0.0633572  0.0665865  0.0870225  0.09781  0.109727  0.118147  0.134105  0.157791  0.1452  0.170946  0.207479  0.203081  0.251213  0.254968  0.268232  0.278524  0.284042  0.271055  0.273898  0.255404  0.236295  
0.23895  0.00284177  0.00380264  0.00442672  0.00309932  0.00441681  0.00523901  0.00359462  0.00469418  0.00550647  0.00478333  0.00548665  0.0059027  0.00707161  0.0050607  0.00726972  0.0103505  0.00833957  0.00875562  0.0110142  0.0145407  0.0167992  0.0203654  0.0249023  0.0226239  0.0315591  0.0349866  0.0314997  0.038206  0.0423764  0.0513215  0.0525894  0.0688649  0.0797614  0.0893702  0.0988105  0.109767  0.121446  0.143526  0.145676  0.144507  0.168667  0.184309  0.220862  0.220842  0.21472  0.26844  0.245825  0.233363  0.214284  0.194244  
0.253115  0.00375311  0.00286158  0.00302007  0.00334697  0.00325782  0.0030696  0.00350547  0.00349556  0.00526872  0.00404039  0.00449606  0.00469418  0.00529844  0.00777493  0.00563524  0.0072301  0.00627913  0.00794333  0.0101028  0.0112519  0.0127378  0.0147487  0.0173044  0.0176214  0.0220197  0.0246943  0.0266061  0.029568  0.035145  0.0378494  0.0458534  0.0576712  0.0647836  0.0627727  0.0689639  0.0843082  0.105705  0.0813761  0.121872  0.128132  0.133184  0.142654  0.181149  0.182654  0.185319  0.201535  0.212075  0.205884  0.191619  0.165775  
0.261773  0.00251487  0.00259412  0.00259412  0.00323801  0.00284177  0.0037333  0.00354509  0.003555  0.00325782  0.00366396  0.00399086  0.00432766  0.0047239  0.0040602  0.00561543  0.00523901  0.0059027  0.0069032  0.00584327  0.00920138  0.00957781  0.0133718  0.0149171  0.0154223  0.0167596  0.0184634  0.0218414  0.028835  0.029885  0.0320742  0.0441496  0.0474383  0.0478147  0.0497068  0.0489242  0.0817426  0.0644171  0.0686965  0.0858536  0.105348  0.121832  0.128261  0.145131  0.151817  0.15573  0.167102  0.21575  0.156582  0.145319  0.141059  
0.242892  0.0025644  0.00253468  0.00252478  0.00258421  0.00258421  0.00285167  0.00266346  0.00277243  0.00314885  0.0033965  0.00349556  0.00293092  0.00344603  0.0038918  0.00419888  0.00492202  0.00453568  0.00624941  0.00525882  0.00709142  0.00820088  0.00941931  0.0125595  0.011985  0.0155907  0.0139166  0.0160365  0.0203059  0.026616  0.0311331  0.0247537  0.0317077  0.0384239  0.0443675  0.04094  0.0526588  0.0577504  0.0821785  0.0793454  0.0797911  0.0860121  0.0961756  0.110044  0.104199  0.11573  0.128756  0.133333  0.133313  0.131144  0.118097  
0.261318  0.00250497  0.00249506  0.00250497  0.00251487  0.00251487  0.00267337  0.00258421  0.00265355  0.00300026  0.00264365  0.00321819  0.00303989  0.00334697  0.00428804  0.00477343  0.00334697  0.00585317  0.00446634  0.00593242  0.00609092  0.00548665  0.00729944  0.0087358  0.00974621  0.00960753  0.0145308  0.0172252  0.017562  0.0171459  0.0210093  0.024833  0.0262099  0.0343526  0.0355908  0.0356899  0.0409103  0.0475572  0.0549668  0.0674087  0.0612274  0.0748877  0.0765222  0.108231  0.0809402  0.103347  0.100584  0.0930156  0.116839  0.111867  0.102961  
0.248093  0.00247525  0.00247525  0.00247525  0.00248515  0.00247525  0.00248515  0.00248515  0.00248515  0.00247525  0.00261393  0.0025545  0.00262384  0.0025545  0.00274271  0.00279224  0.00380264  0.00413945  0.00395123  0.0035649  0.0047338  0.00633857  0.0057343  0.00619988  0.00671499  0.00995423  0.0115986  0.0126586  0.0127576  0.0140652  0.0167794  0.0198404  0.0216829  0.0225051  0.0242188  0.0298256  0.0338077  0.0377602  0.0447538  0.0499544  0.047577  0.0512719  0.0467548  0.0672799  0.0713513  0.0863687  0.0861408  0.0957397  0.0903013  0.0854871  0.082337  
0.251521  0.00247525  0.00247525  0.00248515  0.00247525  0.00247525  0.00247525  0.00249506  0.00249506  0.00251487  0.0025644  0.00248515  0.00263374  0.00249506  0.00248515  0.00265355  0.00316866  0.00278233  0.00334697  0.00292101  0.00395123  0.00776502  0.00514985  0.00691311  0.00646734  0.00603148  0.00743813  0.0103108  0.0107269  0.0124604  0.0164922  0.014828  0.0147982  0.0234758  0.0249221  0.0224753  0.0288052  0.0318464  0.0324803  0.0357988  0.0439613  0.043367  0.0489143  0.0538376  0.0933227  0.0690432  0.0715593  0.0727183  0.0813365  0.0695583  0.0760071  
0.256612  0.00247525  0.00247525  0.00247525  0.00247525  0.00247525  0.00247525  0.00247525  0.00247525  0.00250497  0.00270308  0.00249506  0.00285167  0.00267337  0.00248515  0.00248515  0.00287149  0.00258421  0.0025644  0.0030696  0.00382246  0.00336678  0.00485267  0.00530835  0.00547675  0.00457531  0.00652678  0.00750747  0.0103406  0.0124406  0.0114797  0.02199  0.0155907  0.0166606  0.0169478  0.0178988  0.0241594  0.0283793  0.0273491  0.0308954  0.0342337  0.030935  0.040732  0.0373244  0.0446349  0.0463388  0.0569282  0.0622477  0.0586816  0.0608708  0.0646747  
0.256107  0.00247525  0.00247525  0.00247525  0.00247525  0.00247525  0.00247525  0.00247525  0.00247525  0.00247525  0.00247525  0.00247525  0.00247525  0.00247525  0.00247525  0.0025545  0.00249506  0.00247525  0.00276252  0.00264365  0.00369368  0.00327763  0.0032281  0.00415926  0.00511023  0.00436728  0.00724001  0.00635838  0.00585317  0.00675461  0.00829994  0.0120246  0.0101424  0.0128567  0.0147388  0.018196  0.0153233  0.0251698  0.0173738  0.0246844  0.026616  0.0346101  0.0304496  0.0336691  0.0564428  0.0447637  0.0393353  0.0515889  0.0565221  0.0551451  0.0566409  
0.251422  0.00247525  0.00247525  0.00247525  0.00247525  0.00247525  0.00247525  0.00247525  0.00247525  0.00247525  0.00247525  0.00247525  0.00248515  0.00247525  0.00248515  0.00248515  0.00247525  0.00247525  0.00247525  0.00262384  0.00254459  0.00259412  0.00263374  0.00327763  0.00353518  0.00412954  0.00443662  0.00348565  0.00366396  0.0060711  0.0089042  0.0087358  0.00886458  0.0101722  0.0113708  0.0141544  0.0150162  0.0172846  0.0172945  0.0222079  0.0217324  0.0201177  0.0271311  0.0252094  0.0323714  0.0442882  0.035888  0.043159  0.0494096  0.0450015  0.0395037  
0.256573  0.00247525  0.00247525  0.00247525  0.00247525  0.00247525  0.00247525  0.00247525  0.00247525  0.00247525  0.00247525  0.00247525  0.00247525  0.00247525  0.00247525  0.00247525  0.00247525  0.00247525  0.00248515  0.00254459  0.00247525  0.00247525  0.00249506  0.00258421  0.00387199  0.0029012  0.00433756  0.00377293  0.00530835  0.00605129  0.00634847  0.00793342  0.00828013  0.00817116  0.00803248  0.010925  0.0126189  0.0181564  0.0146695  0.017037  0.0207418  0.0197314  0.0177502  0.0196026  0.0240999  0.0251599  0.0289142  0.0401277  0.0381763  0.040841  0.0440505  
0.242387  0.00247525  0.00247525  0.00247525  0.00247525  0.00247525  0.00247525  0.00247525  0.00247525  0.00247525  0.00247525  0.00247525  0.00247525  0.00247525  0.00251487  0.00247525  0.00247525  0.00247525  0.00247525  0.00247525  0.00248515  0.00249506  0.00247525  0.00253468  0.00258421  0.00250497  0.0025644  0.0028913  0.00285167  0.00294083  0.00526872  0.00435738  0.00613054  0.00596214  0.00744803  0.00668527  0.00691311  0.00866646  0.00996414  0.0128666  0.0153034  0.0147883  0.0280128  0.0161554  0.0214154  0.0271609  0.0336294  0.0353432  0.034729  0.0370767  0.034521  
0.259307  0.00247525  0.00247525  0.00247525  0.00247525  0.00247525  0.00247525  0.00247525  0.00247525  0.00247525  0.00247525  0.00247525  0.00247525  0.00247525  0.00247525  0.00247525  0.00247525  0.00247525  0.00263374  0.00247525  0.00247525  0.00247525  0.00247525  0.00247525  0.00441681  0.00247525  0.00300026  0.00250497  0.00247525  0.00315876  0.00308942  0.00392152  0.00334697  0.00513004  0.00905279  0.00478333  0.00914195  0.00892402  0.0073886  0.010291  0.0115887  0.0125793  0.0129359  0.0153926  0.0189587  0.0177106  0.0219305  0.02936  0.0247141  0.0256353  0.0314204  
0.246052  0.00247525  0.00247525  0.00247525  0.00247525  0.00247525  0.00247525  0.00247525  0.00247525  0.00247525  0.00247525  0.00247525  0.00247525  0.00247525  0.00247525  0.00247525  0.00247525  0.00247525  0.00247525  0.00247525  0.00247525  0.00247525  0.00247525  0.00247525  0.00247525  0.00247525  0.00247525  0.00259412  0.00247525  0.00247525  0.00249506  0.0029012  0.00261393  0.00264365  0.00277243  0.00329744  0.0073886  0.00670509  0.00851787  0.00586308  0.00910232  0.011975  0.0102217  0.0127477  0.0117472  0.0193847  0.0158582  0.0161851  0.0299345  0.0255957  0.0248032  
0.244636  0.00247525  0.00247525  0.00247525  0.00247525  0.00247525  0.00247525  0.00247525  0.00247525  0.00247525  0.00247525  0.00247525  0.00247525  0.00247525  0.00247525  0.00247525  0.00247525  0.00247525  0.00247525  0.00247525  0.00247525  0.00247525  0.00247525  0.00247525  0.00247525  0.00247525  0.00247525  0.00247525  0.00247525  0.0025644  0.00258421  0.00302007  0.00247525  0.00286158  0.0035649  0.00332716  0.00358471  0.00323801  0.0124307  0.00444653  0.00780464  0.00898345  0.00846834  0.00874571  0.00879524  0.010509  0.0121434  0.0135006  0.0311232  0.0201177  0.0194639  
0.251828  0.00247525  0.00247525  0.00247525  0.00247525  0.00247525  0.00247525  0.00247525  0.00247525  0.00247525  0.00247525  0.00247525  0.00247525  0.00247525  0.00247525  0.00247525  0.00247525  0.00247525  0.00247525  0.00247525  0.00247525  0.00247525  0.00247525  0.00247525  0.00247525  0.00247525  0.00247525  0.00247525  0.00247525  0.00247525  0.00247525  0.00247525  0.00247525  0.00247525  0.00247525  0.00318848  0.00248515  0.00352528  0.00295073  0.00417907  0.00712113  0.00564515  0.00703198  0.00665556  0.00877543  0.0105486  0.0123812  0.0123713  0.017245  0.0125595  0.0185724  
0.235166  0.00247525  0.00247525  0.00247525  0.00247525  0.00247525  0.00247525  0.00247525  0.00247525  0.00247525  0.00247525  0.00247525  0.00247525  0.00247525  0.00247525  0.00247525  0.00247525  0.00247525  0.00247525  0.00247525  0.00247525  0.00247525  0.00247525  0.00247525  0.00247525  0.00247525  0.00247525  0.00247525  0.00247525  0.00247525  0.00247525  0.00247525  0.00247525  0.00247525  0.00250497  0.00247525  0.00249506  0.00253468  0.00247525  0.00247525  0.0027229  0.00293092  0.0336096  0.00616026  0.0112717  0.00676452  0.0156204  0.00946884  0.0112024  0.0143228  0.0245259  
0.238573  0.00247525  0.00247525  0.00247525  0.00247525  0.00247525  0.00247525  0.00247525  0.00247525  0.00247525  0.00247525  0.00247525  0.00247525  0.00247525  0.00247525  0.00247525  0.00247525  0.00247525  0.00247525  0.00247525  0.00247525  0.00247525  0.00247525  0.00247525  0.00247525  0.0222871  0.00247525  0.00247525  0.00247525  0.00247525  0.00247525  0.00247525  0.00247525  0.00247525  0.00247525  0.00247525  0.00247525  0.00247525  0.00247525  0.00250497  0.00254459  0.00288139  0.00336678  0.00499136  0.00715085  0.00550647  0.00802258  0.0100137  0.00771549  0.010509  0.0203654  
0.225755  0.00247525  0.00247525  0.00247525  0.00247525  0.00247525  0.00247525  0.00247525  0.00247525  0.00247525  0.00247525  0.00247525  0.00247525  0.00247525  0.00247525  0.00247525  0.00247525  0.00247525  0.00247525  0.00247525  0.00247525  0.00247525  0.00247525  0.00247525  0.00247525  0.00247525  0.00247525  0.00247525  0.00247525  0.00247525  0.00247525  0.00247525  0.00247525  0.00247525  0.00247525  0.00247525  0.00247525  0.00247525  0.00247525  0.00247525  0.00249506  0.00247525  0.00247525  0.00262384  0.0029012  0.00394133  0.00910232  0.141129  0.0109052  0.00764615  0.0116085  
0.254621  0.00247525  0.00247525  0.00247525  0.00247525  0.00247525  0.00247525  0.00247525  0.00247525  0.00247525  0.00247525  0.00247525  0.00247525  0.00247525  0.00247525  0.00247525  0.00247525  0.00247525  0.00247525  0.00247525  0.00247525  0.00247525  0.00247525  0.00247525  0.00247525  0.00247525  0.00247525  0.0783548  0.00247525  0.00247525  0.00247525  0.00247525  0.00247525  0.00247525  0.00247525  0.00247525  0.0302119  0.00247525  0.00247525  0.00247525  0.00247525  0.00247525  0.00247525  0.00247525  0.00247525  0.00307951  0.146478  0.00446634  0.031569  0.00811173  0.00611073  
0.264596  0.00247525  0.00247525  0.00247525  0.00247525  0.00247525  0.00247525  0.00247525  0.00247525  0.00247525  0.00247525  0.00247525  0.00247525  0.00247525  0.00247525  0.00247525  0.00247525  0.00247525  0.00247525  0.00247525  0.00247525  0.00247525  0.00247525  0.00247525  0.00247525  0.00247525  0.00247525  0.00247525  0.00247525  0.00247525  0.00247525  0.00247525  0.00247525  0.00247525  0.00247525  0.00247525  0.00247525  0.00247525  0.00247525  0.00247525  0.00247525  0.00247525  0.302714  0.00247525  0.00247525  0.00247525  0.00247525  0.00247525  0.00326772  0.00324791  0.00777493  
0.24212  0.00247525  0.00247525  0.00247525  0.00247525  0.00247525  0.00247525  0.00247525  0.00247525  0.00247525  0.00247525  0.00247525  0.00247525  0.00247525  0.00247525  0.00247525  0.00247525  0.00247525  0.00247525  0.00247525  0.0370866  0.00247525  0.00247525  0.00247525  0.00247525  0.00247525  0.00247525  0.00247525  0.00247525  0.00247525  0.00247525  0.00247525  0.00247525  0.00247525  0.00247525  0.00247525  0.00247525  0.0696871  0.00247525  0.00247525  0.00247525  0.00247525  0.00247525  0.00247525  0.0717574  0.00247525  0.155988  0.00247525  0.00247525  0.00297054  0.154224  
0.250213  0.00247525  0.00247525  0.00247525  0.00247525  0.00247525  0.00247525  0.00247525  0.00247525  0.00247525  0.00247525  0.00247525  0.00247525  0.00247525  0.00247525  0.00247525  0.0170766  0.00247525  0.00247525  0.0027229  0.00247525  0.0460713  0.00247525  0.00247525  0.0123812  0.00247525  0.00247525  0.0321634  0.138246  0.0658436  0.147627  0.125992  0.00247525  0.00247525  0.00247525  0.224358  0.0487162  0.801944  0.042208  0.00247525  0.0579485  0.00247525  0.00247525  0.190589  0.101475  0.00247525  0.0866163  0.561329  0.022297  0.00247525  0.131223  
