0.0002   38.0244  0.380244
0.0004   31.4174  0.314174
0.0006   28.7744  0.287744
0.0008   26.5378  0.265378
0.001   25.388  0.25388
0.0012   20.0363  0.200363
0.0014   18.7037  0.187037
0.0016   16.853  0.16853
0.0018   19.3679  0.193679
0.002   15.4255  0.154255
0.0022   14.7514  0.147514
0.0024   12.155  0.12155
0.0026   13.2044  0.132044
0.0028   14.1468  0.141468
0.003   9.53648  0.0953648
0.0032   8.3946  0.083946
0.0034   6.69455  0.0669455
0.0036   7.16528  0.0716528
0.0038   6.58953  0.0658953
0.004   5.82951  0.0582951
0.0042   4.8324  0.048324
0.0044   5.19766  0.0519766
0.0046   5.0496  0.050496
0.0048   5.88781  0.0588781
0.005   4.64535  0.0464535
0.0052   4.30651  0.0430651
0.0054   3.55919  0.0355919
0.0056   2.9411  0.029411
0.0058   2.28994  0.0228994
0.006   3.43584  0.0343584
0.0062   3.52386  0.0352386
0.0064   2.52771  0.0252771
0.0066   2.40471  0.0240471
0.0068   1.99564  0.0199564
0.007   2.26667  0.0226667
0.0072   1.63626  0.0163626
0.0074   2.01431  0.0201431
0.0076   1.4555  0.014555
0.0078   1.0634  0.010634
0.008   1.16008  0.0116008
0.0082   1.24667  0.0124667
0.0084   1.21253  0.0121253
0.0086   1.13488  0.0113488
0.0088   1.16215  0.0116215
0.009   0.861329  0.00861329
0.0092   1.45274  0.0145274
0.0094   1.00231  0.0100231
0.0096   0.979323  0.00979323
0.0098   0.74503  0.0074503
0.01   0.875036  0.00875036
0.0102   0.824951  0.00824951
0.0104   0.981642  0.00981642
0.0106   0.621958  0.00621958
0.0108   0.772428  0.00772428
0.011   0.559272  0.00559272
0.0112   0.95914  0.0095914
0.0114   0.862466  0.00862466
0.0116   0.580736  0.00580736
0.0118   0.867847  0.00867847
0.012   0.758134  0.00758134
0.014   0.516812  0.00516812
0.016   0.494723  0.00494723
0.018   0.49583  0.0049583
0.02   0.495553  0.00495553
0.022   0.496743  0.00496743
0.024   0.495117  0.00495117
0.026   0.495301  0.00495301
0.028   0.494465  0.00494465
0.03   0.494176  0.00494176
0.032   0.495729  0.00495729
0.034   0.494636  0.00494636
0.036   0.495164  0.00495164
0.038   0.496056  0.00496056
0.04   0.495329  0.00495329
0.042   0.494998  0.00494998
0.044   0.495606  0.00495606
0.046   0.494707  0.00494707
0.048   0.494071  0.00494071
0.05   0.494796  0.00494796
0.052   0.495164  0.00495164
0.054   0.494974  0.00494974
0.056   0.494134  0.00494134
0.058   0.494962  0.00494962
0.06   0.494921  0.00494921
0.062   0.494847  0.00494847
0.064   0.495458  0.00495458
0.066   0.494154  0.00494154
0.068   0.49582  0.0049582
0.07   0.495677  0.00495677
0.072   0.494952  0.00494952
0.074   0.494806  0.00494806
0.076   0.496056  0.00496056
0.078   0.495422  0.00495422
0.08   0.495547  0.00495547
0.082   0.496062  0.00496062
0.084   0.495345  0.00495345
0.086   0.495858  0.00495858
0.088   0.494905  0.00494905
0.09   0.495151  0.00495151
0.092   0.495438  0.00495438
0.094   0.495337  0.00495337
0.096   0.495608  0.00495608
0.098   0.494501  0.00494501
0.1   0.495495  0.00495495
0.102   0.49601  0.0049601
0.104   0.495699  0.00495699
0.106   0.494148  0.00494148
0.108   0.496709  0.00496709
0.11   0.495913  0.00495913
0.112   0.494031  0.00494031
0.114   0.495438  0.00495438
0.116   0.494467  0.00494467
0.118   0.493649  0.00493649
0.12   0.49541  0.0049541
0.122   0.495382  0.00495382
0.124   0.495747  0.00495747
0.126   0.494376  0.00494376
0.128   0.495168  0.00495168
0.13   0.493701  0.00493701
0.132   0.494925  0.00494925
0.134   0.495055  0.00495055
0.136   0.495212  0.00495212
0.138   0.493869  0.00493869
0.14   0.494743  0.00494743
0.142   0.495168  0.00495168
0.144   0.493213  0.00493213
0.146   0.495154  0.00495154
0.148   0.495073  0.00495073
0.15   0.495111  0.00495111
0.152   0.49435  0.0049435
0.154   0.495768  0.00495768
0.156   0.494059  0.00494059
0.158   0.494974  0.00494974
0.16   0.49561  0.0049561
0.162   0.49417  0.0049417
0.164   0.494079  0.00494079
0.166   0.495969  0.00495969
0.168   0.494554  0.00494554
0.17   0.495097  0.00495097
0.172   0.494905  0.00494905
0.174   0.495638  0.00495638
0.176   0.495394  0.00495394
0.178   0.49538  0.0049538
0.18   0.494384  0.00494384
0.182   0.49495  0.0049495
0.184   0.494869  0.00494869
0.186   0.494717  0.00494717
0.188   0.49495  0.0049495
0.19   0.495586  0.00495586
0.192   0.494929  0.00494929
0.194   0.494465  0.00494465
0.196   0.49561  0.0049561
0.198   0.496054  0.00496054
0.2   0.494275  0.00494275
0.202   0.495547  0.00495547
0.204   0.495503  0.00495503
0.206   0.496283  0.00496283
0.208   0.495584  0.00495584
0.21   0.495929  0.00495929
0.212   0.494192  0.00494192
0.214   0.494695  0.00494695
0.216   0.494705  0.00494705
0.218   0.494142  0.00494142
0.22   0.494499  0.00494499
0.222   0.49495  0.0049495
0.224   0.495226  0.00495226
0.226   0.496171  0.00496171
0.228   0.495899  0.00495899
0.23   0.495275  0.00495275
0.232   0.495703  0.00495703
0.234   0.500177  0.00500177
0.236   0.495477  0.00495477
0.238   0.505248  0.00505248
0.24   0.505141  0.00505141
0.242   0.509074  0.00509074
0.244   0.505864  0.00505864
0.246   0.550035  0.00550035
0.248   0.539274  0.00539274
0.25   0.589571  0.00589571
0.252   0.677462  0.00677462
0.254   0.67484  0.0067484
0.256   0.781453  0.00781453
0.258   0.93366  0.0093366
0.26   0.952333  0.00952333
0.262   1.11256  0.0111256
0.264   1.29606  0.0129606
0.266   1.40364  0.0140364
0.268   1.59756  0.0159756
0.27   1.80752  0.0180752
0.272   2.03703  0.0203703
0.274   2.30471  0.0230471
0.276   2.63988  0.0263988
0.278   2.8373  0.028373
0.28   2.99315  0.0299315
0.282   3.43388  0.0343388
0.284   3.80081  0.0380081
0.286   4.34259  0.0434259
0.288   4.72578  0.0472578
0.29   5.18417  0.0518417
0.292   5.51415  0.0551415
0.294   6.16728  0.0616728
0.296   6.626  0.06626
0.298   7.16594  0.0716594
0.3   7.70671  0.0770671
0.302   8.0664  0.080664
0.304   8.75429  0.0875429
0.306   9.56455  0.0956455
0.308   9.86621  0.0986621
0.31   10.5659  0.105659
0.312   11.2315  0.112315
0.314   11.8158  0.118158
0.316   12.3675  0.123675
0.318   12.8823  0.128823
0.32   13.6006  0.136006
0.322   14.2875  0.142875
0.324   14.6024  0.146024
0.326   15.2456  0.152456
0.328   15.9744  0.159744
0.33   16.3697  0.163697
0.332   16.8024  0.168024
0.334   17.3716  0.173716
0.336   17.7866  0.177866
0.338   18.3858  0.183858
0.34   18.8435  0.188435
0.342   19.06  0.1906
0.344   19.5868  0.195868
0.346   20.0341  0.200341
0.348   20.3644  0.203644
0.35   20.8641  0.208641
0.352   20.9957  0.209957
0.354   21.5603  0.215603
0.356   21.7627  0.217627
0.358   22.1078  0.221078
0.36   22.4552  0.224552
0.362   22.7878  0.227878
0.364   23.0518  0.230518
0.366   23.3382  0.233382
0.368   23.5331  0.235331
0.37   23.7831  0.237831
0.372   24.0716  0.240716
0.374   24.2699  0.242699
0.376   24.4842  0.244842
0.378   24.6196  0.246196
0.38   24.7859  0.247859
0.382   24.9888  0.249888
0.384   25.2897  0.252897
0.386   25.5291  0.255291
0.388   25.5691  0.255691
0.39   25.8187  0.258187
0.392   25.9248  0.259248
0.394   26.086  0.26086
0.396   26.1718  0.261718
0.398   26.3862  0.263862
0.4   26.5042  0.265042
0.402   26.4904  0.264904
0.404   26.811  0.26811
0.406   26.8402  0.268402
0.408   26.8947  0.268947
0.41   27.176  0.27176
0.412   27.2587  0.272587
0.414   27.3497  0.273497
0.416   27.3734  0.273734
0.418   27.5383  0.275383
0.42   27.5271  0.275271
0.422   27.6677  0.276677
0.424   27.6831  0.276831
0.426   27.872  0.27872
0.428   27.8981  0.278981
0.43   27.9808  0.279808
0.432   28.0473  0.280473
0.434   28.1815  0.281815
0.436   28.1842  0.281842
0.438   28.0578  0.280578
0.44   28.3076  0.283076
0.442   28.3303  0.283303
0.444   28.3882  0.283882
0.446   28.5776  0.285776
0.448   28.5016  0.285016
0.45   28.5965  0.285965
0.452   28.7181  0.287181
0.454   28.5274  0.285274
0.456   28.8154  0.288154
0.458   28.752  0.28752
0.46   28.8636  0.288636
0.462   28.8576  0.288576
0.464   28.9732  0.289732
0.466   28.9117  0.289117
0.468   28.9971  0.289971
0.47   29.068  0.29068
0.472   29.0707  0.290707
0.474   29.028  0.29028
0.476   29.1059  0.291059
0.478   29.1909  0.291909
0.48   29.0847  0.290847
0.482   29.1692  0.291692
0.484   29.3182  0.293182
0.486   29.257  0.29257
0.488   29.1501  0.291501
0.49   29.2407  0.292407
0.492   29.333  0.29333
0.494   29.1719  0.291719
0.496   29.3262  0.293262
0.498   29.4231  0.294231
0.5   29.3131  0.293131
