0.0002   60.6947  1.21389
0.0004   54.9779  1.09956
0.0006   40.4261  0.808521
0.0008   50.8183  1.01637
0.001   41.561  0.83122
0.0012   57.0655  1.14131
0.0014   35.3325  0.706649
0.0016   36.5748  0.731495
0.0018   42.6397  0.852795
0.002   37.146  0.742921
0.0022   39.6433  0.792866
0.0024   33.5787  0.671575
0.0026   24.7533  0.495066
0.0028   29.7715  0.59543
0.003   29.3659  0.587318
0.0032   22.0062  0.440124
0.0034   21.2516  0.425032
0.0036   22.0093  0.440185
0.0038   20.888  0.417761
0.004   19.7553  0.395106
0.0042   19.5773  0.391546
0.0044   14.9693  0.299385
0.0046   15.6339  0.312678
0.0048   14.7661  0.295322
0.005   14.7906  0.295812
0.0052   10.4907  0.209814
0.0054   12.6882  0.253764
0.0056   10.6105  0.21221
0.0058   7.72021  0.154404
0.006   10.2899  0.205798
0.0062   7.41832  0.148366
0.0064   6.94562  0.138912
0.0066   5.10079  0.102016
0.0068   4.66253  0.0932506
0.007   4.25681  0.0851361
0.0072   5.51988  0.110398
0.0074   5.7052  0.114104
0.0076   3.13286  0.0626572
0.0078   2.97497  0.0594995
0.008   1.92611  0.0385221
0.0082   2.68266  0.0536532
0.0084   1.8538  0.037076
0.0086   1.73439  0.0346877
0.0088   1.43847  0.0287693
0.009   1.73644  0.0347287
0.0092   1.16485  0.0232969
0.0094   1.2179  0.024358
0.0096   0.580264  0.0116053
0.0098   0.637386  0.0127477
0.01   0.330231  0.00660462
0.0102   0.865446  0.0173089
0.0104   0.549097  0.0109819
0.0106   0.37285  0.00745701
0.0108   0.189356  0.00378712
0.011   0.358579  0.00717159
0.0112   0.296216  0.00592433
0.0114   0.114384  0.00228769
0.0116   0.0249501  0.000499002
0.0118   0.122826  0.00245652
0.012   0.0249501  0.000499002
0.0122   0.0249501  0.000499002
0.0124   0.0249501  0.000499002
0.0126   0.0249501  0.000499002
0.0128   0.0542118  0.00108424
0.013   0.0249501  0.000499002
0.0132   0.0249501  0.000499002
0.0134   0.0249501  0.000499002
0.0136   0.0249501  0.000499002
0.0138   0.0249501  0.000499002
0.014   0.0249501  0.000499002
0.0142   0.0249501  0.000499002
0.0144   0.0249501  0.000499002
0.0146   0.0249501  0.000499002
0.0148   0.0249501  0.000499002
0.015   0.0249501  0.000499002
0.0152   0.0249501  0.000499002
0.0154   0.0249501  0.000499002
0.0156   0.0249501  0.000499002
0.0158   0.0249501  0.000499002
0.016   0.0249501  0.000499002
0.0162   0.0249501  0.000499002
0.0164   0.0249501  0.000499002
0.0166   0.0249501  0.000499002
0.0168   0.0249501  0.000499002
0.017   0.0249501  0.000499002
0.0172   0.0249501  0.000499002
0.0174   0.0444662  0.000889324
0.0176   0.0249501  0.000499002
0.0178   0.0249501  0.000499002
0.018   0.0249501  0.000499002
0.0182   0.0249501  0.000499002
0.0184   0.0249501  0.000499002
0.0186   0.0249501  0.000499002
0.0188   0.0249501  0.000499002
0.019   0.0249501  0.000499002
0.0192   0.0249501  0.000499002
0.0194   0.0249501  0.000499002
0.0196   0.0249501  0.000499002
0.0198   0.0249501  0.000499002
0.02   0.0249501  0.000499002
0.022   0.0249501  0.000499002
0.024   0.0249501  0.000499002
0.026   0.0249501  0.000499002
0.028   0.0249501  0.000499002
0.03   0.0249501  0.000499002
0.032   0.0249501  0.000499002
0.034   0.0249501  0.000499002
0.036   0.0249501  0.000499002
0.038   0.0249501  0.000499002
0.04   0.0249501  0.000499002
0.042   0.0249501  0.000499002
0.044   0.0249501  0.000499002
0.046   0.0249501  0.000499002
0.048   0.0249501  0.000499002
0.05   0.0249501  0.000499002
0.052   0.0249501  0.000499002
0.054   0.0249501  0.000499002
0.056   0.0249501  0.000499002
0.058   0.0249501  0.000499002
0.06   0.0249501  0.000499002
0.062   0.0249501  0.000499002
0.064   0.0249501  0.000499002
0.066   0.0249501  0.000499002
0.068   0.0249501  0.000499002
0.07   0.0249501  0.000499002
0.072   0.0249501  0.000499002
0.074   0.0249501  0.000499002
0.076   0.0249501  0.000499002
0.078   0.0249501  0.000499002
0.08   0.0249501  0.000499002
0.082   0.0249501  0.000499002
0.084   0.0249501  0.000499002
0.086   0.0249501  0.000499002
0.088   0.0249501  0.000499002
0.09   0.0249501  0.000499002
0.092   0.0249501  0.000499002
0.094   0.0249501  0.000499002
0.096   0.0249501  0.000499002
0.098   0.0249501  0.000499002
0.1   0.0249501  0.000499002
0.102   0.0249501  0.000499002
0.104   0.0249501  0.000499002
0.106   0.0249501  0.000499002
0.108   0.0249501  0.000499002
0.11   0.0249501  0.000499002
0.112   0.0249501  0.000499002
0.114   0.0249501  0.000499002
0.116   0.0249501  0.000499002
0.118   0.0249501  0.000499002
0.12   0.0249501  0.000499002
0.122   0.0249501  0.000499002
0.124   0.0249501  0.000499002
0.126   0.0249501  0.000499002
0.128   0.0249501  0.000499002
0.13   0.0249501  0.000499002
0.132   0.0249501  0.000499002
0.134   0.0249501  0.000499002
0.136   0.0249501  0.000499002
0.138   0.0249501  0.000499002
0.14   0.0249501  0.000499002
0.142   0.0249501  0.000499002
0.144   0.0249501  0.000499002
0.146   0.0249501  0.000499002
0.148   0.0249501  0.000499002
0.15   0.0249501  0.000499002
0.152   0.0249501  0.000499002
0.154   0.0249501  0.000499002
0.156   0.0249501  0.000499002
0.158   0.0249501  0.000499002
0.16   0.0249501  0.000499002
0.162   0.0249501  0.000499002
0.164   0.0249501  0.000499002
0.166   0.0249501  0.000499002
0.168   0.0249501  0.000499002
0.17   0.0249501  0.000499002
0.172   0.0249501  0.000499002
0.174   0.0249501  0.000499002
0.176   0.0249501  0.000499002
0.178   0.0249501  0.000499002
0.18   0.0249501  0.000499002
0.182   0.0249501  0.000499002
0.184   0.0249501  0.000499002
0.186   0.0249501  0.000499002
0.188   0.0249501  0.000499002
0.19   0.0249501  0.000499002
0.192   0.0249501  0.000499002
0.194   0.0249501  0.000499002
0.196   0.0249501  0.000499002
0.198   0.0249525  0.00049905
0.2   0.0249501  0.000499002
0.202   0.0249525  0.00049905
0.204   0.0249517  0.000499034
0.206   0.0249613  0.000499226
0.208   0.0250284  0.000500567
0.21   0.0251122  0.000502244
0.212   0.0251194  0.000502388
0.214   0.0251881  0.000503761
0.216   0.0259371  0.000518742
0.218   0.025323  0.000506461
0.22   0.0348515  0.00069703
0.222   0.0305488  0.000610976
0.224   0.0436772  0.000873544
0.226   0.0396684  0.000793368
0.228   0.0610811  0.00122162
0.23   0.0685804  0.00137161
0.232   0.0991126  0.00198225
0.234   0.126257  0.00252515
0.236   0.143869  0.00287738
0.238   0.148742  0.00297483
0.24   0.17851  0.0035702
0.242   0.212813  0.00425626
0.244   0.234786  0.00469572
0.246   0.279709  0.00559418
0.248   0.344037  0.00688073
0.25   0.391655  0.0078331
0.252   0.466793  0.00933587
0.254   0.460459  0.00920918
0.256   0.600155  0.0120031
0.258   0.673774  0.0134755
0.26   0.835236  0.0167047
0.262   0.959546  0.0191909
0.264   1.06466  0.0212931
0.266   1.30484  0.0260968
0.268   1.44788  0.0289577
0.27   1.58118  0.0316236
0.272   1.72397  0.0344793
0.274   2.02428  0.0404857
0.276   2.32248  0.0464495
0.278   2.57096  0.0514193
0.28   2.86424  0.0572847
0.282   3.06842  0.0613684
0.284   3.5975  0.0719499
0.286   3.89829  0.0779659
0.288   4.53467  0.0906934
0.29   4.85715  0.097143
0.292   5.14653  0.102931
0.294   5.62831  0.112566
0.296   6.12834  0.122567
0.298   6.76912  0.135382
0.3   7.02291  0.140458
0.302   7.55197  0.151039
0.304   7.90137  0.158027
0.306   8.57165  0.171433
0.308   9.10585  0.182117
0.31   9.55006  0.191001
0.312   10.0765  0.20153
0.314   10.7256  0.214512
0.316   11.1808  0.223617
0.318   11.503  0.23006
0.32   12.2997  0.245993
0.322   12.5629  0.251258
0.324   13.0946  0.261892
0.326   13.4353  0.268706
0.328   13.9037  0.278073
0.33   14.3123  0.286247
0.332   14.7724  0.295448
0.334   15.1378  0.302756
0.336   15.5039  0.310078
0.338   15.8532  0.317063
0.34   16.1947  0.323894
0.342   16.4227  0.328454
0.344   16.8726  0.337453
0.346   17.1849  0.343698
0.348   17.2901  0.345802
0.35   17.6623  0.353247
0.352   17.8303  0.356605
0.354   18.099  0.36198
0.356   18.3448  0.366896
0.358   18.5164  0.370328
0.36   18.6934  0.373868
0.362   18.9241  0.378482
0.364   19.1134  0.382268
0.366   19.2871  0.385742
0.368   19.4518  0.389037
0.37   19.6284  0.392568
0.372   19.7641  0.395283
0.374   19.7938  0.395875
0.376   19.9881  0.399763
0.378   20.0915  0.40183
0.38   20.2376  0.404751
0.382   20.2764  0.405528
0.384   20.4724  0.409448
0.386   20.5002  0.410004
0.388   20.5851  0.411702
0.39   20.6758  0.413517
0.392   20.7983  0.415966
0.394   20.8639  0.417277
0.396   20.9145  0.41829
0.398   20.9898  0.419797
0.4   20.9856  0.419713
0.402   21.061  0.421219
0.404   21.1286  0.422572
0.406   21.1475  0.42295
0.408   21.1827  0.423654
0.41   21.2085  0.42417
0.412   21.3224  0.426449
0.414   21.3788  0.427575
0.416   21.4597  0.429195
0.418   21.4185  0.42837
0.42   21.4556  0.429111
0.422   21.4088  0.428176
0.424   21.375  0.4275
0.426   21.4392  0.428784
0.428   21.4624  0.429249
0.43   21.413  0.42826
0.432   21.4585  0.42917
0.434   21.5617  0.431233
0.436   21.5363  0.430726
0.438   21.4889  0.429779
0.44   21.5714  0.431427
0.442   21.4485  0.42897
0.444   21.6197  0.432394
0.446   21.5837  0.431674
0.448   21.463  0.429259
0.45   21.5418  0.430836
0.452   21.4585  0.42917
0.454   21.5478  0.430955
0.456   21.5264  0.430527
0.458   21.5804  0.431609
0.46   21.5406  0.430813
0.462   21.5026  0.430052
0.464   21.5492  0.430984
0.466   21.5337  0.430673
0.468   21.5378  0.430756
0.47   21.5178  0.430357
0.472   21.4215  0.428429
0.474   21.5091  0.430182
0.476   21.3736  0.427471
0.478   21.5652  0.431305
0.48   21.4876  0.429753
0.482   21.4669  0.429338
0.484   21.4431  0.428862
0.486   21.4153  0.428305
0.488   21.3479  0.426958
0.49   21.3185  0.426371
0.492   21.3606  0.427213
0.494   21.3206  0.426411
0.496   21.2745  0.42549
0.498   21.3174  0.426348
0.5   21.2764  0.425528
