0.0002   39.6539  0.396539
0.0004   33.5527  0.335527
0.0006   30.2964  0.302964
0.0008   23.1833  0.231833
0.001   25.202  0.25202
0.0012   24.5432  0.245432
0.0014   20.6056  0.206056
0.0016   18.0687  0.180687
0.0018   19.732  0.19732
0.002   14.7056  0.147056
0.0022   15.2505  0.152505
0.0024   13.1058  0.131058
0.0026   12.8799  0.128799
0.0028   10.3218  0.103218
0.003   11.8357  0.118357
0.0032   10.9061  0.109061
0.0034   7.2811  0.072811
0.0036   7.42461  0.0742461
0.0038   7.93299  0.0793299
0.004   6.68662  0.0668662
0.0042   4.15326  0.0415326
0.0044   5.95312  0.0595312
0.0046   3.44561  0.0344561
0.0048   3.77668  0.0377668
0.005   4.52347  0.0452347
0.0052   4.84599  0.0484599
0.0054   4.14843  0.0414843
0.0056   3.22009  0.0322009
0.0058   3.19216  0.0319216
0.006   3.86833  0.0386833
0.0062   3.86374  0.0386374
0.0064   2.09852  0.0209852
0.0066   4.5328  0.045328
0.0068   3.20824  0.0320824
0.007   2.43459  0.0243459
0.0072   2.06297  0.0206297
0.0074   1.16029  0.0116029
0.0076   2.146  0.02146
0.0078   1.38523  0.0138523
0.008   0.983535  0.00983535
0.0082   1.91735  0.0191735
0.0084   1.2642  0.012642
0.0086   1.86735  0.0186735
0.0088   1.3649  0.013649
0.009   1.10728  0.0110728
0.0092   1.00053  0.0100053
0.0094   1.15338  0.0115338
0.0096   1.36727  0.0136727
0.0098   0.645707  0.00645707
0.01   1.04273  0.0104273
0.0102   0.820499  0.00820499
0.0104   1.21071  0.0121071
0.0106   0.681831  0.00681831
0.0108   0.918421  0.00918421
0.011   0.496317  0.00496317
0.0112   1.02645  0.0102645
0.0114   0.6228  0.006228
0.0116   0.95616  0.0095616
0.0118   0.666718  0.00666718
0.012   0.831921  0.00831921
0.014   0.521532  0.00521532
0.016   0.591641  0.00591641
0.018   0.496137  0.00496137
0.02   0.495028  0.00495028
0.022   0.495446  0.00495446
0.024   0.49516  0.0049516
0.026   0.494533  0.00494533
0.028   0.494346  0.00494346
0.03   0.494638  0.00494638
0.032   0.495925  0.00495925
0.034   0.495753  0.00495753
0.036   0.494443  0.00494443
0.038   0.493825  0.00493825
0.04   0.495699  0.00495699
0.042   0.495889  0.00495889
0.044   0.495507  0.00495507
0.046   0.495293  0.00495293
0.048   0.495909  0.00495909
0.05   0.495297  0.00495297
0.052   0.494566  0.00494566
0.054   0.495214  0.00495214
0.056   0.495077  0.00495077
0.058   0.495255  0.00495255
0.06   0.493792  0.00493792
0.062   0.494828  0.00494828
0.064   0.494554  0.00494554
0.066   0.494618  0.00494618
0.068   0.495568  0.00495568
0.07   0.495669  0.00495669
0.072   0.495972  0.00495972
0.074   0.495012  0.00495012
0.076   0.495238  0.00495238
0.078   0.496056  0.00496056
0.08   0.4948  0.004948
0.082   0.495818  0.00495818
0.084   0.494426  0.00494426
0.086   0.495695  0.00495695
0.088   0.494931  0.00494931
0.09   0.494255  0.00494255
0.092   0.493861  0.00493861
0.094   0.494687  0.00494687
0.096   0.494651  0.00494651
0.098   0.495406  0.00495406
0.1   0.494584  0.00494584
0.102   0.49502  0.0049502
0.104   0.493978  0.00493978
0.106   0.494816  0.00494816
0.108   0.495479  0.00495479
0.11   0.495628  0.00495628
0.112   0.495592  0.00495592
0.114   0.495055  0.00495055
0.116   0.494628  0.00494628
0.118   0.495347  0.00495347
0.12   0.496026  0.00496026
0.122   0.49521  0.0049521
0.124   0.49481  0.0049481
0.126   0.495356  0.00495356
0.128   0.494869  0.00494869
0.13   0.494822  0.00494822
0.132   0.49583  0.0049583
0.134   0.495059  0.00495059
0.136   0.493978  0.00493978
0.138   0.495162  0.00495162
0.14   0.49519  0.0049519
0.142   0.495186  0.00495186
0.144   0.495178  0.00495178
0.146   0.495168  0.00495168
0.148   0.493703  0.00493703
0.15   0.495026  0.00495026
0.152   0.495679  0.00495679
0.154   0.495986  0.00495986
0.156   0.494321  0.00494321
0.158   0.494628  0.00494628
0.16   0.493855  0.00493855
0.162   0.494907  0.00494907
0.164   0.496176  0.00496176
0.166   0.495095  0.00495095
0.168   0.495691  0.00495691
0.17   0.494043  0.00494043
0.172   0.495495  0.00495495
0.174   0.494146  0.00494146
0.176   0.493972  0.00493972
0.178   0.495396  0.00495396
0.18   0.495038  0.00495038
0.182   0.494673  0.00494673
0.184   0.494051  0.00494051
0.186   0.495454  0.00495454
0.188   0.494517  0.00494517
0.19   0.495846  0.00495846
0.192   0.496182  0.00496182
0.194   0.494931  0.00494931
0.196   0.494065  0.00494065
0.198   0.494824  0.00494824
0.2   0.495436  0.00495436
0.202   0.494695  0.00494695
0.204   0.494879  0.00494879
0.206   0.494002  0.00494002
0.208   0.494931  0.00494931
0.21   0.495198  0.00495198
0.212   0.495814  0.00495814
0.214   0.49522  0.0049522
0.216   0.494198  0.00494198
0.218   0.494307  0.00494307
0.22   0.495499  0.00495499
0.222   0.494439  0.00494439
0.224   0.494483  0.00494483
0.226   0.493479  0.00493479
0.228   0.494291  0.00494291
0.23   0.494828  0.00494828
0.232   0.495634  0.00495634
0.234   0.494247  0.00494247
0.236   0.495939  0.00495939
0.238   0.511665  0.00511665
0.24   0.503443  0.00503443
0.242   0.501255  0.00501255
0.244   0.514776  0.00514776
0.246   0.563103  0.00563103
0.248   0.542568  0.00542568
0.25   0.564018  0.00564018
0.252   0.647842  0.00647842
0.254   0.687288  0.00687288
0.256   0.792436  0.00792436
0.258   0.937279  0.00937279
0.26   0.954856  0.00954856
0.262   1.0985  0.010985
0.264   1.33007  0.0133007
0.266   1.43386  0.0143386
0.268   1.64035  0.0164035
0.27   1.85378  0.0185378
0.272   2.04471  0.0204471
0.274   2.30909  0.0230909
0.276   2.55549  0.0255549
0.278   2.8694  0.028694
0.28   3.09973  0.0309973
0.282   3.54869  0.0354869
0.284   3.75993  0.0375993
0.286   4.15956  0.0415956
0.288   4.48079  0.0448079
0.29   5.02769  0.0502769
0.292   5.48764  0.0548764
0.294   6.08694  0.0608694
0.296   6.55463  0.0655463
0.298   6.98001  0.0698001
0.3   7.52303  0.0752303
0.302   8.03729  0.0803729
0.304   8.92236  0.0892236
0.306   9.39571  0.0939571
0.308   9.93533  0.0993533
0.31   10.359  0.10359
0.312   11.1744  0.111744
0.314   12.0064  0.120064
0.316   12.3478  0.123478
0.318   13.1157  0.131157
0.32   13.7577  0.137577
0.322   14.1036  0.141036
0.324   14.6724  0.146724
0.326   15.286  0.15286
0.328   15.9084  0.159084
0.33   16.5312  0.165312
0.332   17.0596  0.170596
0.334   17.4158  0.174158
0.336   18.0679  0.180679
0.338   18.3302  0.183302
0.34   18.9691  0.189691
0.342   19.3561  0.193561
0.344   19.8969  0.198969
0.346   20.2499  0.202499
0.348   20.8037  0.208037
0.35   21.0113  0.210113
0.352   21.5023  0.215023
0.354   21.9659  0.219659
0.356   22.1991  0.221991
0.358   22.6054  0.226054
0.36   22.9385  0.229385
0.362   23.1775  0.231775
0.364   23.6386  0.236386
0.366   23.771  0.23771
0.368   24.1427  0.241427
0.37   24.3976  0.243976
0.372   24.7288  0.247288
0.374   24.9753  0.249753
0.376   25.3162  0.253162
0.378   25.4903  0.254903
0.38   25.6992  0.256992
0.382   25.9192  0.259192
0.384   26.0733  0.260733
0.386   26.3074  0.263074
0.388   26.4765  0.264765
0.39   26.7256  0.267256
0.392   26.805  0.26805
0.394   27.0934  0.270934
0.396   27.2327  0.272327
0.398   27.2395  0.272395
0.4   27.515  0.27515
0.402   27.6817  0.276817
0.404   27.8912  0.278912
0.406   27.9456  0.279456
0.408   28.1291  0.281291
0.41   28.3016  0.283016
0.412   28.4447  0.284447
0.414   28.4771  0.284771
0.416   28.6312  0.286312
0.418   28.7081  0.287081
0.42   28.9441  0.289441
0.422   28.9596  0.289596
0.424   29.0714  0.290714
0.426   29.1364  0.291364
0.428   29.2958  0.292958
0.43   29.3436  0.293436
0.432   29.4739  0.294739
0.434   29.5421  0.295421
0.436   29.6228  0.296228
0.438   29.7811  0.297811
0.44   29.697  0.29697
0.442   29.9754  0.299754
0.444   29.9769  0.299769
0.446   30.0535  0.300535
0.448   30.1315  0.301315
0.45   30.2086  0.302086
0.452   30.1578  0.301578
0.454   30.325  0.30325
0.456   30.4751  0.304751
0.458   30.4029  0.304029
0.46   30.4534  0.304534
0.462   30.519  0.30519
0.464   30.5594  0.305594
0.466   30.6865  0.306865
0.468   30.8085  0.308085
0.47   30.8468  0.308468
0.472   30.7999  0.307999
0.474   30.805  0.30805
0.476   30.9589  0.309589
0.478   30.9612  0.309612
0.48   31.0074  0.310074
0.482   31.0206  0.310206
0.484   31.0225  0.310225
0.486   31.1125  0.311125
0.488   31.1329  0.311329
0.49   31.1327  0.311327
0.492   31.1831  0.311831
0.494   31.2107  0.312107
0.496   31.3982  0.313982
0.498   31.3019  0.313019
0.5   31.3697  0.313697
