0.0002   79.903  1.59806
0.0004   75.021  1.50042
0.0006   62.5952  1.2519
0.0008   59.3269  1.18654
0.001   59.7893  1.19579
0.0012   69.5651  1.3913
0.0014   50.9249  1.0185
0.0016   62.3653  1.24731
0.0018   49.7126  0.994252
0.002   50.3768  1.00754
0.0022   41.5075  0.830149
0.0024   34.564  0.69128
0.0026   39.7893  0.795787
0.0028   31.5715  0.63143
0.003   40.69  0.8138
0.0032   30.4012  0.608023
0.0034   19.2321  0.384641
0.0036   23.8379  0.476758
0.0038   24.0424  0.480849
0.004   24.5471  0.490942
0.0042   20.0594  0.401189
0.0044   16.6135  0.33227
0.0046   18.0153  0.360306
0.0048   19.4301  0.388602
0.005   15.0862  0.301724
0.0052   14.0929  0.281857
0.0054   10.6061  0.212122
0.0056   13.2895  0.26579
0.0058   9.78805  0.195761
0.006   9.5534  0.191068
0.0062   11.4379  0.228758
0.0064   7.03556  0.140711
0.0066   8.62745  0.172549
0.0068   6.65779  0.133156
0.007   6.01226  0.120245
0.0072   4.3143  0.086286
0.0074   4.98953  0.0997907
0.0076   3.8473  0.076946
0.0078   4.54169  0.0908338
0.008   3.62381  0.0724763
0.0082   3.37818  0.0675635
0.0084   1.99343  0.0398685
0.0086   2.11119  0.0422238
0.0088   1.6096  0.032192
0.009   1.61131  0.0322261
0.0092   1.68996  0.0337992
0.0094   1.14811  0.0229621
0.0096   0.924951  0.018499
0.0098   0.880214  0.0176043
0.01   0.628571  0.0125714
0.0102   0.258678  0.00517355
0.0104   0.73372  0.0146744
0.0106   0.545847  0.0109169
0.0108   0.230823  0.00461646
0.011   0.143117  0.00286234
0.0112   0.354047  0.00708095
0.0114   0.142532  0.00285063
0.0116   0.165285  0.0033057
0.0118   0.0761749  0.0015235
0.012   0.194323  0.00388646
0.0122   0.0178317  0.000356633
0.0124   0.0178317  0.000356633
0.0126   0.0413582  0.000827164
0.0128   0.0178317  0.000356633
0.013   0.0472156  0.000944312
0.0132   0.0178317  0.000356633
0.0134   0.0316986  0.000633973
0.0136   0.0178317  0.000356633
0.0138   0.0178317  0.000356633
0.014   0.0178317  0.000356633
0.0142   0.0178317  0.000356633
0.0144   0.0178317  0.000356633
0.0146   0.0178317  0.000356633
0.0148   0.0178317  0.000356633
0.015   0.061845  0.0012369
0.0152   0.0178317  0.000356633
0.0154   0.0178317  0.000356633
0.0156   0.0178317  0.000356633
0.0158   0.0178317  0.000356633
0.016   0.0178317  0.000356633
0.0162   0.0178317  0.000356633
0.0164   0.0178317  0.000356633
0.0166   0.0178317  0.000356633
0.0168   0.0178317  0.000356633
0.017   0.0178317  0.000356633
0.0172   0.0178317  0.000356633
0.0174   0.0369391  0.000738781
0.0176   0.0178317  0.000356633
0.0178   0.0178317  0.000356633
0.018   0.0178317  0.000356633
0.0182   0.0178317  0.000356633
0.0184   0.0320913  0.000641826
0.0186   0.0178317  0.000356633
0.0188   0.0178317  0.000356633
0.019   0.0178317  0.000356633
0.0192   0.0178317  0.000356633
0.0194   0.0178317  0.000356633
0.0196   0.0178317  0.000356633
0.0198   0.0178317  0.000356633
0.02   0.0178317  0.000356633
0.022   0.0178317  0.000356633
0.024   0.0178317  0.000356633
0.026   0.0178317  0.000356633
0.028   0.0178317  0.000356633
0.03   0.0178317  0.000356633
0.032   0.0178317  0.000356633
0.034   0.0178317  0.000356633
0.036   0.0178317  0.000356633
0.038   0.0178317  0.000356633
0.04   0.0178317  0.000356633
0.042   0.0178317  0.000356633
0.044   0.0178317  0.000356633
0.046   0.0178317  0.000356633
0.048   0.0178317  0.000356633
0.05   0.0178317  0.000356633
0.052   0.0178317  0.000356633
0.054   0.0178317  0.000356633
0.056   0.0178317  0.000356633
0.058   0.0178317  0.000356633
0.06   0.0178317  0.000356633
0.062   0.0178317  0.000356633
0.064   0.0178317  0.000356633
0.066   0.0178317  0.000356633
0.068   0.0178317  0.000356633
0.07   0.0178317  0.000356633
0.072   0.0178317  0.000356633
0.074   0.0178317  0.000356633
0.076   0.0178317  0.000356633
0.078   0.0178317  0.000356633
0.08   0.0178317  0.000356633
0.082   0.0178317  0.000356633
0.084   0.0178317  0.000356633
0.086   0.0178317  0.000356633
0.088   0.0178317  0.000356633
0.09   0.0178317  0.000356633
0.092   0.0178317  0.000356633
0.094   0.0178317  0.000356633
0.096   0.0178317  0.000356633
0.098   0.0178317  0.000356633
0.1   0.0178317  0.000356633
0.102   0.0178317  0.000356633
0.104   0.0178317  0.000356633
0.106   0.0178317  0.000356633
0.108   0.0178317  0.000356633
0.11   0.0178317  0.000356633
0.112   0.0178317  0.000356633
0.114   0.0178317  0.000356633
0.116   0.0178317  0.000356633
0.118   0.0178317  0.000356633
0.12   0.0178317  0.000356633
0.122   0.0178317  0.000356633
0.124   0.0178317  0.000356633
0.126   0.0178317  0.000356633
0.128   0.0178317  0.000356633
0.13   0.0178317  0.000356633
0.132   0.0178317  0.000356633
0.134   0.0178317  0.000356633
0.136   0.0178317  0.000356633
0.138   0.0178317  0.000356633
0.14   0.0178317  0.000356633
0.142   0.0178317  0.000356633
0.144   0.0178317  0.000356633
0.146   0.0178317  0.000356633
0.148   0.0178317  0.000356633
0.15   0.0178317  0.000356633
0.152   0.0178317  0.000356633
0.154   0.0178317  0.000356633
0.156   0.0178317  0.000356633
0.158   0.0178317  0.000356633
0.16   0.0178317  0.000356633
0.162   0.0178317  0.000356633
0.164   0.0178317  0.000356633
0.166   0.0178317  0.000356633
0.168   0.0178317  0.000356633
0.17   0.0178317  0.000356633
0.172   0.0178317  0.000356633
0.174   0.0178317  0.000356633
0.176   0.0178317  0.000356633
0.178   0.0178317  0.000356633
0.18   0.0178322  0.000356645
0.182   0.0178317  0.000356633
0.184   0.0178317  0.000356633
0.186   0.0178317  0.000356633
0.188   0.0178317  0.000356633
0.19   0.0178317  0.000356633
0.192   0.0178317  0.000356633
0.194   0.0178322  0.000356645
0.196   0.0178322  0.000356645
0.198   0.0178322  0.000356645
0.2   0.0178368  0.000356736
0.202   0.0178345  0.00035669
0.204   0.0178659  0.000357318
0.206   0.0178916  0.000357832
0.208   0.017919  0.00035838
0.21   0.018367  0.00036734
0.212   0.0204941  0.000409882
0.214   0.0187648  0.000375296
0.216   0.0236662  0.000473324
0.218   0.0240572  0.000481143
0.22   0.0366069  0.000732138
0.222   0.0353981  0.000707962
0.224   0.0552235  0.00110447
0.226   0.0650691  0.00130138
0.228   0.0714709  0.00142942
0.23   0.0892662  0.00178532
0.232   0.105301  0.00210603
0.234   0.124714  0.00249427
0.236   0.166471  0.00332943
0.238   0.181256  0.00362512
0.24   0.21211  0.00424219
0.242   0.277017  0.00554035
0.244   0.288797  0.00577593
0.246   0.397635  0.0079527
0.248   0.406684  0.00813369
0.25   0.446274  0.00892548
0.252   0.530513  0.0106103
0.254   0.628074  0.0125615
0.256   0.735088  0.0147018
0.258   0.870512  0.0174102
0.26   1.01586  0.0203171
0.262   1.14496  0.0228992
0.264   1.29381  0.0258761
0.266   1.4748  0.029496
0.268   1.64927  0.0329854
0.27   1.88799  0.0377598
0.272   2.0582  0.041164
0.274   2.48821  0.0497642
0.276   2.82732  0.0565464
0.278   2.99308  0.0598616
0.28   3.36381  0.0672762
0.282   3.84176  0.0768352
0.284   3.94978  0.0789957
0.286   4.44756  0.0889513
0.288   4.98337  0.0996675
0.29   5.3265  0.10653
0.292   6.05538  0.121108
0.294   6.47917  0.129583
0.296   6.78761  0.135752
0.298   7.45496  0.149099
0.3   8.04084  0.160817
0.302   8.72405  0.174481
0.304   9.36278  0.187256
0.306   9.64327  0.192865
0.308   10.2968  0.205937
0.31   10.8926  0.217853
0.312   11.4323  0.228646
0.314   11.9884  0.239767
0.316   12.441  0.248819
0.318   13.0658  0.261316
0.32   13.701  0.274019
0.322   14.1677  0.283354
0.324   14.7938  0.295875
0.326   15.1767  0.303534
0.328   15.6638  0.313275
0.33   16.2924  0.325849
0.332   16.7127  0.334254
0.334   16.9934  0.339868
0.336   17.4181  0.348362
0.338   17.8716  0.357432
0.34   18.2488  0.364976
0.342   18.6187  0.372374
0.344   19.0393  0.380785
0.346   19.3875  0.38775
0.348   19.558  0.391159
0.35   19.9074  0.398149
0.352   20.1938  0.403875
0.354   20.4921  0.409842
0.356   20.8461  0.416921
0.358   21.1124  0.422247
0.36   21.3171  0.426341
0.362   21.3577  0.427153
0.364   21.7135  0.434271
0.366   21.9497  0.438993
0.368   22.0414  0.440828
0.37   22.2749  0.445498
0.372   22.426  0.44852
0.374   22.6051  0.452102
0.376   22.7351  0.454702
0.378   22.8518  0.457036
0.38   22.9835  0.45967
0.382   23.0035  0.46007
0.384   23.1932  0.463864
0.386   23.3389  0.466778
0.388   23.3978  0.467955
0.39   23.4578  0.469155
0.392   23.4246  0.468491
0.394   23.6048  0.472096
0.396   23.6765  0.47353
0.398   23.8142  0.476283
0.4   23.785  0.475699
0.402   23.9447  0.478893
0.404   23.9269  0.478538
0.406   23.9853  0.479706
0.408   23.9911  0.479821
0.41   24.0579  0.481157
0.412   24.1289  0.482578
0.414   24.1478  0.482957
0.416   24.0407  0.480813
0.418   24.1579  0.483157
0.42   24.1966  0.483931
0.422   24.1792  0.483585
0.424   24.2525  0.48505
0.426   24.2746  0.485492
0.428   24.3267  0.486535
0.43   24.2721  0.485441
0.432   24.2141  0.484281
0.434   24.2852  0.485703
0.436   24.3432  0.486864
0.438   24.3605  0.487209
0.44   24.2575  0.48515
0.442   24.2171  0.484343
0.444   24.1547  0.483095
0.446   24.2757  0.485514
0.448   24.2703  0.485406
0.45   24.346  0.48692
0.452   24.2702  0.485404
0.454   24.2365  0.484729
0.456   24.295  0.4859
0.458   24.2068  0.484136
0.46   24.21  0.484199
0.462   24.2392  0.484785
0.464   24.2308  0.484616
0.466   24.1568  0.483136
0.468   24.0556  0.481113
0.47   24.1307  0.482614
0.472   24.1577  0.483155
0.474   23.9742  0.479484
0.476   24.0435  0.48087
0.478   24.0823  0.481645
0.48   24.0175  0.480351
0.482   24.0205  0.48041
0.484   24.0046  0.480093
0.486   23.8578  0.477155
0.488   23.8009  0.476017
0.49   23.8674  0.477348
0.492   23.8634  0.477268
0.494   23.8289  0.476579
0.496   23.7721  0.475442
0.498   23.7382  0.474764
0.5   23.7641  0.475281
0.502   23.6847  0.473694
