0.0002   25.1717  0.251717
0.0004   23.522  0.23522
0.0006   20.7524  0.207524
0.0008   22.0462  0.220462
0.001   19.7093  0.197093
0.0012   19.6976  0.196976
0.0014   16.8579  0.168579
0.0016   18.5464  0.185464
0.0018   16.9931  0.169931
0.002   17.5486  0.175486
0.0022   13.4271  0.134271
0.0024   16.2667  0.162667
0.0026   11.8606  0.118606
0.0028   14.6735  0.146735
0.003   13.2209  0.132209
0.0032   13.2132  0.132132
0.0034   9.20676  0.0920676
0.0036   9.46051  0.0946051
0.0038   10.3172  0.103172
0.004   8.30465  0.0830465
0.0042   7.17716  0.0717716
0.0044   7.11265  0.0711265
0.0046   6.63956  0.0663956
0.0048   4.79966  0.0479966
0.005   7.16807  0.0716807
0.0052   4.40561  0.0440561
0.0054   4.54888  0.0454888
0.0056   4.31146  0.0431146
0.0058   4.03153  0.0403153
0.006   3.00717  0.0300717
0.0062   2.76869  0.0276869
0.0064   2.25933  0.0225933
0.0066   2.5047  0.025047
0.0068   2.49055  0.0249055
0.007   1.51318  0.0151318
0.0072   1.8066  0.018066
0.0074   1.72134  0.0172134
0.0076   1.59553  0.0159553
0.0078   1.68007  0.0168007
0.008   1.47183  0.0147183
0.0082   0.874723  0.00874723
0.0084   1.22649  0.0122649
0.0086   1.07714  0.0107714
0.0088   1.12939  0.0112939
0.009   0.598244  0.00598244
0.0092   0.455475  0.00455475
0.0094   0.267319  0.00267319
0.0096   0.459694  0.00459694
0.0098   0.535994  0.00535994
0.01   0.500823  0.00500823
0.0102   0.352766  0.00352766
0.0104   0.38617  0.0038617
0.0106   0.366349  0.00366349
0.0108   0.338608  0.00338608
0.011   0.247525  0.00247525
0.0112   0.27921  0.0027921
0.0114   0.412512  0.00412512
0.0116   0.29561  0.0029561
0.0118   0.303619  0.00303619
0.012   0.412512  0.00412512
0.0122   0.363485  0.00363485
0.0124   0.335229  0.00335229
0.0126   0.287125  0.00287125
0.0128   0.247525  0.00247525
0.013   0.247525  0.00247525
0.0132   0.306943  0.00306943
0.0134   0.247525  0.00247525
0.0136   0.247525  0.00247525
0.0138   0.29902  0.0029902
0.014   0.247525  0.00247525
0.0142   0.34257  0.0034257
0.0144   0.267327  0.00267327
0.0146   0.247525  0.00247525
0.0148   0.247525  0.00247525
0.015   0.300343  0.00300343
0.0152   0.247525  0.00247525
0.0154   0.267327  0.00267327
0.0156   0.247525  0.00247525
0.0158   0.247525  0.00247525
0.016   0.247525  0.00247525
0.0162   0.247525  0.00247525
0.0164   0.247525  0.00247525
0.0166   0.247525  0.00247525
0.0168   0.247525  0.00247525
0.017   0.247525  0.00247525
0.0172   0.247525  0.00247525
0.0174   0.247525  0.00247525
0.0176   0.247525  0.00247525
0.0178   0.247525  0.00247525
0.018   0.247525  0.00247525
0.0182   0.275241  0.00275241
0.0184   0.247525  0.00247525
0.0186   0.283833  0.00283833
0.0188   0.247525  0.00247525
0.019   0.247525  0.00247525
0.0192   0.247525  0.00247525
0.0194   0.247525  0.00247525
0.0196   0.247525  0.00247525
0.0198   0.247525  0.00247525
0.02   0.247525  0.00247525
0.0202   0.247525  0.00247525
0.0204   0.247525  0.00247525
0.0206   0.247525  0.00247525
0.0208   0.247525  0.00247525
0.021   0.247525  0.00247525
0.0212   0.247525  0.00247525
0.0214   0.247525  0.00247525
0.0216   0.247525  0.00247525
0.0218   0.247525  0.00247525
0.022   0.247525  0.00247525
0.024   0.247525  0.00247525
0.026   0.247525  0.00247525
0.028   0.247525  0.00247525
0.03   0.247525  0.00247525
0.032   0.247525  0.00247525
0.034   0.247525  0.00247525
0.036   0.247525  0.00247525
0.038   0.247525  0.00247525
0.04   0.247525  0.00247525
0.042   0.247525  0.00247525
0.044   0.247525  0.00247525
0.046   0.247525  0.00247525
0.048   0.247525  0.00247525
0.05   0.247525  0.00247525
0.052   0.247525  0.00247525
0.054   0.247525  0.00247525
0.056   0.247525  0.00247525
0.058   0.247525  0.00247525
0.06   0.247525  0.00247525
0.062   0.247525  0.00247525
0.064   0.247525  0.00247525
0.066   0.247525  0.00247525
0.068   0.247525  0.00247525
0.07   0.247525  0.00247525
0.072   0.247525  0.00247525
0.074   0.247525  0.00247525
0.076   0.247525  0.00247525
0.078   0.247525  0.00247525
0.08   0.247525  0.00247525
0.082   0.247525  0.00247525
0.084   0.247525  0.00247525
0.086   0.247525  0.00247525
0.088   0.247525  0.00247525
0.09   0.247525  0.00247525
0.092   0.247525  0.00247525
0.094   0.247525  0.00247525
0.096   0.247525  0.00247525
0.098   0.247525  0.00247525
0.1   0.247525  0.00247525
0.102   0.247525  0.00247525
0.104   0.247525  0.00247525
0.106   0.247525  0.00247525
0.108   0.247525  0.00247525
0.11   0.247525  0.00247525
0.112   0.247525  0.00247525
0.114   0.247525  0.00247525
0.116   0.247525  0.00247525
0.118   0.247525  0.00247525
0.12   0.247525  0.00247525
0.122   0.247525  0.00247525
0.124   0.247525  0.00247525
0.126   0.247525  0.00247525
0.128   0.247525  0.00247525
0.13   0.247525  0.00247525
0.132   0.247525  0.00247525
0.134   0.247525  0.00247525
0.136   0.247525  0.00247525
0.138   0.247525  0.00247525
0.14   0.247525  0.00247525
0.142   0.247525  0.00247525
0.144   0.247525  0.00247525
0.146   0.247525  0.00247525
0.148   0.247525  0.00247525
0.15   0.247525  0.00247525
0.152   0.247525  0.00247525
0.154   0.247525  0.00247525
0.156   0.247525  0.00247525
0.158   0.247525  0.00247525
0.16   0.247525  0.00247525
0.162   0.247525  0.00247525
0.164   0.247525  0.00247525
0.166   0.247525  0.00247525
0.168   0.247525  0.00247525
0.17   0.247525  0.00247525
0.172   0.247525  0.00247525
0.174   0.247525  0.00247525
0.176   0.247525  0.00247525
0.178   0.247525  0.00247525
0.18   0.247525  0.00247525
0.182   0.247525  0.00247525
0.184   0.247525  0.00247525
0.186   0.247525  0.00247525
0.188   0.247525  0.00247525
0.19   0.247525  0.00247525
0.192   0.247525  0.00247525
0.194   0.247525  0.00247525
0.196   0.247525  0.00247525
0.198   0.247525  0.00247525
0.2   0.247525  0.00247525
0.202   0.247525  0.00247525
0.204   0.247525  0.00247525
0.206   0.247529  0.00247529
0.208   0.247525  0.00247525
0.21   0.247525  0.00247525
0.212   0.247529  0.00247529
0.214   0.247533  0.00247533
0.216   0.247529  0.00247529
0.218   0.247537  0.00247537
0.22   0.247525  0.00247525
0.222   0.247541  0.00247541
0.224   0.24783  0.0024783
0.226   0.247545  0.00247545
0.228   0.247533  0.00247533
0.23   0.247596  0.00247596
0.232   0.248178  0.00248178
0.234   0.247964  0.00247964
0.236   0.247988  0.00247988
0.238   0.250298  0.00250298
0.24   0.257733  0.00257733
0.242   0.259824  0.00259824
0.244   0.277368  0.00277368
0.246   0.284582  0.00284582
0.248   0.349038  0.00349038
0.25   0.323378  0.00323378
0.252   0.4366  0.004366
0.254   0.530932  0.00530932
0.256   0.625925  0.00625925
0.258   0.612113  0.00612113
0.26   0.830057  0.00830057
0.262   0.996185  0.00996185
0.264   1.12931  0.0112931
0.266   1.43508  0.0143508
0.268   1.60956  0.0160956
0.27   1.77494  0.0177494
0.272   2.04057  0.0204057
0.274   2.42492  0.0242492
0.276   2.62351  0.0262351
0.278   2.97439  0.0297439
0.28   3.2409  0.032409
0.282   3.81795  0.0381795
0.284   4.2724  0.042724
0.286   4.69992  0.0469992
0.288   5.05953  0.0505953
0.29   5.7229  0.057229
0.292   6.35426  0.0635426
0.294   6.70993  0.0670993
0.296   7.36273  0.0736273
0.298   8.04865  0.0804865
0.3   8.487  0.08487
0.302   9.23801  0.0923801
0.304   10.0948  0.100948
0.306   10.6165  0.106165
0.308   11.27  0.1127
0.31   11.8945  0.118945
0.312   12.3998  0.123998
0.314   12.9766  0.129766
0.316   13.7994  0.137994
0.318   14.3355  0.143355
0.32   15.0982  0.150982
0.322   15.7276  0.157276
0.324   16.3335  0.163335
0.326   16.8153  0.168153
0.328   17.4812  0.174812
0.33   18.0652  0.180652
0.332   18.5058  0.185058
0.334   19.1149  0.191149
0.336   19.5913  0.195913
0.338   19.9516  0.199516
0.34   20.5731  0.205731
0.342   20.97  0.2097
0.344   21.3954  0.213954
0.346   21.9245  0.219245
0.348   22.2684  0.222684
0.35   22.5237  0.225237
0.352   22.9247  0.229247
0.354   23.2952  0.232952
0.356   23.6013  0.236013
0.358   23.9432  0.239432
0.36   24.2793  0.242793
0.362   24.4687  0.244687
0.364   24.6887  0.246887
0.366   24.9777  0.249777
0.368   25.2113  0.252113
0.37   25.5655  0.255655
0.372   25.8228  0.258228
0.374   25.9241  0.259241
0.376   26.1773  0.261773
0.378   26.3467  0.263467
0.38   26.5261  0.265261
0.382   26.756  0.26756
0.384   26.9553  0.269553
0.386   26.9752  0.269752
0.388   27.1408  0.271408
0.39   27.4248  0.274248
0.392   27.4229  0.274229
0.394   27.6518  0.276518
0.396   27.7756  0.277756
0.398   27.8319  0.278319
0.4   28.005  0.28005
0.402   28.1669  0.281669
0.404   28.0773  0.280773
0.406   28.2351  0.282351
0.408   28.4411  0.284411
0.41   28.4315  0.284315
0.412   28.613  0.28613
0.414   28.7357  0.287357
0.416   28.8046  0.288046
0.418   28.8054  0.288054
0.42   28.9807  0.289807
0.422   28.9885  0.289885
0.424   29.0962  0.290962
0.426   29.1038  0.291038
0.428   29.1105  0.291105
0.43   29.2348  0.292348
0.432   29.1929  0.291929
0.434   29.4324  0.294324
0.436   29.3498  0.293498
0.438   29.3873  0.293873
0.44   29.5248  0.295248
0.442   29.5637  0.295637
0.444   29.6283  0.296283
0.446   29.5634  0.295634
0.448   29.7183  0.297183
0.45   29.6256  0.296256
0.452   29.7541  0.297541
0.454   29.8109  0.298109
0.456   29.8268  0.298268
0.458   29.8905  0.298905
0.46   29.8439  0.298439
0.462   29.9189  0.299189
0.464   29.91  0.2991
0.466   29.9473  0.299473
0.468   29.954  0.29954
0.47   29.9515  0.299515
0.472   30.013  0.30013
0.474   29.9762  0.299762
0.476   30.1101  0.301101
0.478   30.1248  0.301248
0.48   30.094  0.30094
0.482   30.1535  0.301535
0.484   30.0941  0.300941
0.486   30.1185  0.301185
0.488   30.2184  0.302184
0.49   30.0986  0.300986
0.492   30.2153  0.302153
0.494   30.2197  0.302197
0.496   30.1554  0.301554
0.498   30.3299  0.303299
0.5   30.2788  0.302788

