0.0002   123.251  2.46502
0.0004   90.6717  1.81343
0.0006   85.2136  1.70427
0.0008   98.1837  1.96367
0.001   92.072  1.84144
0.0012   74.5454  1.49091
0.0014   70.5984  1.41197
0.0016   59.9107  1.19821
0.0018   57.3338  1.14668
0.002   74.6381  1.49276
0.0022   64.841  1.29682
0.0024   35.9299  0.718599
0.0026   40.9343  0.818686
0.0028   42.6345  0.85269
0.003   34.3127  0.686254
0.0032   32.6504  0.653008
0.0034   32.829  0.656579
0.0036   30.2371  0.604743
0.0038   29.4362  0.588723
0.004   22.3779  0.447558
0.0042   19.9121  0.398242
0.0044   21.3904  0.427807
0.0046   19.6562  0.393125
0.0048   19.65  0.392999
0.005   15.9162  0.318324
0.0052   15.046  0.300919
0.0054   15.331  0.306621
0.0056   12.1583  0.243166
0.0058   10.7115  0.21423
0.006   10.3033  0.206066
0.0062   8.38749  0.16775
0.0064   8.69547  0.173909
0.0066   7.1548  0.143096
0.0068   7.43528  0.148706
0.007   6.81738  0.136348
0.0072   6.08967  0.121793
0.0074   7.26702  0.14534
0.0076   5.47158  0.109432
0.0078   4.76442  0.0952885
0.008   4.38742  0.0877483
0.0082   3.38759  0.0677517
0.0084   4.03658  0.0807315
0.0086   4.37363  0.0874725
0.0088   3.05361  0.0610721
0.009   2.46523  0.0493045
0.0092   1.60126  0.0320251
0.0094   2.02271  0.0404543
0.0096   1.33552  0.0267104
0.0098   1.14348  0.0228695
0.01   0.937564  0.0187513
0.0102   1.02676  0.0205351
0.0104   0.429273  0.00858546
0.0106   0.408435  0.0081687
0.0108   0.292193  0.00584385
0.011   0.227157  0.00454315
0.0112   0.138762  0.00277524
0.0114   0.120427  0.00240854
0.0116   0.152511  0.00305021
0.0118   0.15516  0.0031032
0.012   0.157036  0.00314072
0.0122   0.0742377  0.00148475
0.0124   0.0124875  0.00024975
0.0126   0.0124875  0.00024975
0.0128   0.019147  0.00038294
0.013   0.0124875  0.00024975
0.0132   0.0124875  0.00024975
0.0134   0.0124875  0.00024975
0.0136   0.0124875  0.00024975
0.0138   0.0124875  0.00024975
0.014   0.0242777  0.000485554
0.0142   0.0124875  0.00024975
0.0144   0.0192321  0.000384642
0.0146   0.0624579  0.00124916
0.0148   0.0124875  0.00024975
0.015   0.0124875  0.00024975
0.0152   0.0124875  0.00024975
0.0154   0.0124875  0.00024975
0.0156   0.0124875  0.00024975
0.0158   0.0387029  0.000774059
0.016   0.0124875  0.00024975
0.0162   0.0124875  0.00024975
0.0164   0.0124875  0.00024975
0.0166   0.0124875  0.00024975
0.0168   0.0124875  0.00024975
0.017   0.0264795  0.00052959
0.0172   0.0124875  0.00024975
0.0174   0.0124875  0.00024975
0.0176   0.0124875  0.00024975
0.0178   0.0124875  0.00024975
0.018   0.0124875  0.00024975
0.0182   0.0124875  0.00024975
0.0184   0.0219795  0.00043959
0.0186   0.0124875  0.00024975
0.0188   0.0124875  0.00024975
0.019   0.0394659  0.000789319
0.0192   0.0124875  0.00024975
0.0194   0.0124875  0.00024975
0.0196   0.0124875  0.00024975
0.0198   0.0124875  0.00024975
0.02   0.0574196  0.00114839
0.022   0.0124875  0.00024975
0.024   0.0124875  0.00024975
0.026   0.0124875  0.00024975
0.028   0.0124875  0.00024975
0.03   0.0124875  0.00024975
0.032   0.0124875  0.00024975
0.034   0.0124875  0.00024975
0.036   0.0124875  0.00024975
0.038   0.0124875  0.00024975
0.04   0.0124875  0.00024975
0.042   0.0124875  0.00024975
0.044   0.0124875  0.00024975
0.046   0.0124875  0.00024975
0.048   0.0124875  0.00024975
0.05   0.0124875  0.00024975
0.052   0.0124875  0.00024975
0.054   0.0124875  0.00024975
0.056   0.0124875  0.00024975
0.058   0.0124875  0.00024975
0.06   0.0124875  0.00024975
0.062   0.0124875  0.00024975
0.064   0.0124875  0.00024975
0.066   0.0124875  0.00024975
0.068   0.0124875  0.00024975
0.07   0.0124875  0.00024975
0.072   0.0124875  0.00024975
0.074   0.0124875  0.00024975
0.076   0.0124875  0.00024975
0.078   0.0124875  0.00024975
0.08   0.0124875  0.00024975
0.082   0.0124875  0.00024975
0.084   0.0124875  0.00024975
0.086   0.0124875  0.00024975
0.088   0.0124875  0.00024975
0.09   0.0124875  0.00024975
0.092   0.0124875  0.00024975
0.094   0.0124875  0.00024975
0.096   0.0124875  0.00024975
0.098   0.0124875  0.00024975
0.1   0.0124875  0.00024975
0.102   0.0124875  0.00024975
0.104   0.0124875  0.00024975
0.106   0.0124875  0.00024975
0.108   0.0124875  0.00024975
0.11   0.0124875  0.00024975
0.112   0.0124875  0.00024975
0.114   0.0124875  0.00024975
0.116   0.0124875  0.00024975
0.118   0.0124875  0.00024975
0.12   0.0124875  0.00024975
0.122   0.0124875  0.00024975
0.124   0.0124875  0.00024975
0.126   0.0124875  0.00024975
0.128   0.0124875  0.00024975
0.13   0.0124875  0.00024975
0.132   0.0124875  0.00024975
0.134   0.0124875  0.00024975
0.136   0.0124875  0.00024975
0.138   0.0124875  0.00024975
0.14   0.0124875  0.00024975
0.142   0.0124875  0.00024975
0.144   0.0124875  0.00024975
0.146   0.0124875  0.00024975
0.148   0.0124875  0.00024975
0.15   0.0124875  0.00024975
0.152   0.0124875  0.00024975
0.154   0.0124875  0.00024975
0.156   0.0124875  0.00024975
0.158   0.0124875  0.00024975
0.16   0.0124875  0.00024975
0.162   0.0124875  0.00024975
0.164   0.0124875  0.00024975
0.166   0.0124875  0.00024975
0.168   0.0124875  0.00024975
0.17   0.0124875  0.00024975
0.172   0.0124875  0.00024975
0.174   0.0124875  0.00024975
0.176   0.0124875  0.00024975
0.178   0.0124875  0.00024975
0.18   0.0124879  0.000249758
0.182   0.0124875  0.00024975
0.184   0.0124983  0.000249966
0.186   0.0124875  0.00024975
0.188   0.0124883  0.000249766
0.19   0.0125219  0.000250438
0.192   0.0125471  0.000250941
0.194   0.0124879  0.000249758
0.196   0.0125886  0.000251773
0.198   0.0125255  0.00025051
0.2   0.0124935  0.00024987
0.202   0.0125063  0.000250126
0.204   0.0145866  0.000291733
0.206   0.0136842  0.000273683
0.208   0.0135802  0.000271605
0.21   0.0143844  0.000287688
0.212   0.0204775  0.00040955
0.214   0.0233808  0.000467616
0.216   0.0294899  0.000589798
0.218   0.0426993  0.000853987
0.22   0.0497253  0.000994507
0.222   0.059697  0.00119394
0.224   0.0852661  0.00170532
0.226   0.0882529  0.00176506
0.228   0.106967  0.00213933
0.23   0.118062  0.00236124
0.232   0.141344  0.00282688
0.234   0.165896  0.00331792
0.236   0.215322  0.00430644
0.238   0.264326  0.00528651
0.24   0.284924  0.00569848
0.242   0.344968  0.00689937
0.244   0.42904  0.00858081
0.246   0.470504  0.00941008
0.248   0.566711  0.0113342
0.25   0.610177  0.0122035
0.252   0.717007  0.0143401
0.254   0.909356  0.0181871
0.256   0.997828  0.0199566
0.258   1.20936  0.0241872
0.26   1.3027  0.026054
0.262   1.57304  0.0314609
0.264   1.73497  0.0346993
0.266   2.06777  0.0413554
0.268   2.18153  0.0436307
0.27   2.37808  0.0475616
0.272   2.78613  0.0557226
0.274   3.18951  0.0637902
0.276   3.54668  0.0709336
0.278   3.86191  0.0772382
0.28   4.31808  0.0863615
0.282   4.66956  0.0933913
0.284   5.45764  0.109153
0.286   5.64968  0.112994
0.288   6.22938  0.124588
0.29   6.80475  0.136095
0.292   7.44092  0.148818
0.294   7.85874  0.157175
0.296   8.62771  0.172554
0.298   9.11344  0.182269
0.3   9.87003  0.197401
0.302   10.2387  0.204774
0.304   10.9538  0.219075
0.306   11.5168  0.230336
0.308   12.4577  0.249153
0.31   12.7357  0.254715
0.312   13.369  0.26738
0.314   14.0895  0.28179
0.316   14.5953  0.291905
0.318   15.34  0.306799
0.32   15.975  0.3195
0.322   16.5145  0.33029
0.324   17.0429  0.340857
0.326   17.5067  0.350133
0.328   18.1433  0.362866
0.33   18.4728  0.369455
0.332   19.0849  0.381698
0.334   19.6013  0.392027
0.336   20.1896  0.403793
0.338   20.6145  0.41229
0.34   20.9537  0.419073
0.342   21.4378  0.428756
0.344   21.8202  0.436404
0.346   22.3358  0.446716
0.348   22.61  0.4522
0.35   22.9846  0.459691
0.352   23.3296  0.466591
0.354   23.6379  0.472759
0.356   23.987  0.47974
0.358   24.259  0.485179
0.36   24.5856  0.491712
0.362   24.7915  0.495829
0.364   25.0909  0.501818
0.366   25.3401  0.506802
0.368   25.5168  0.510336
0.37   25.7061  0.514121
0.372   25.9778  0.519556
0.374   26.1596  0.523192
0.376   26.3244  0.526489
0.378   26.4379  0.528758
0.38   26.6456  0.532913
0.382   26.8888  0.537776
0.384   26.723  0.534459
0.386   27.0913  0.541827
0.388   27.1858  0.543717
0.39   27.2588  0.545176
0.392   27.3734  0.547468
0.394   27.3027  0.546053
0.396   27.4756  0.549513
0.398   27.6449  0.552898
0.4   27.6643  0.553286
0.402   27.8326  0.556651
0.404   27.8324  0.556648
0.406   27.9234  0.558468
0.408   27.9505  0.55901
0.41   27.8807  0.557615
0.412   27.9705  0.559409
0.414   27.9848  0.559696
0.416   28.0063  0.560125
0.418   28.0591  0.561181
0.42   28.1348  0.562696
0.422   28.1471  0.562941
0.424   28.0245  0.560491
0.426   28.0143  0.560285
0.428   28.0867  0.561734
0.43   28.1465  0.562929
0.432   28.1572  0.563145
0.434   28.1585  0.563171
0.436   28.0841  0.561683
0.438   28.007  0.560141
0.44   28.0205  0.56041
0.442   28.0907  0.561814
0.444   28.1545  0.563089
0.446   28.034  0.560679
0.448   28.0174  0.560348
0.45   27.908  0.55816
0.452   27.967  0.559341
0.454   27.9806  0.559611
0.456   27.9291  0.558582
0.458   27.7963  0.555926
0.46   27.7568  0.555136
0.462   27.787  0.555741
0.464   27.8043  0.556086
0.466   27.7744  0.555489
0.468   27.777  0.555539
0.47   27.7983  0.555967
0.472   27.7044  0.554087
0.474   27.5519  0.551038
0.476   27.6323  0.552645
0.478   27.5461  0.550923
0.48   27.5472  0.550944
0.482   27.4154  0.548307
0.484   27.4592  0.549184
0.486   27.4448  0.548896
0.488   27.3979  0.547958
0.49   27.4122  0.548243
0.492   27.287  0.54574
0.494   27.233  0.54466
0.496   27.2926  0.545851
0.498   27.2265  0.544531
0.5   27.1107  0.542215
